./youtube_vids/classical_music.mp4.wav
Maxs:[38, 37, 37, 36, 37, 37, 36, 37, 38, 37, 38, 36, 39, 36, 38, 35, 38, 39, 37, 35, 37, 35, 37, 37, 37, 36, 39, 35, 39, 37, 37, 36, 37, 37, 37, 40, 37, 37, 37, 37, 38, 33, 36, 36, 34, 35, 38, 37, 36, 37, 36, 40, 36, 36, 39, 32, 37, 34, 39, 37]
Means:[30, 24, 24, 25, 26, 31, 27, 28, 33, 32, 31, 29, 30, 27, 28, 25, 24, 29, 26, 26, 25, 27, 28, 30, 26, 25, 28, 27, 29, 32, 30, 32, 32, 32, 31, 33, 32, 31, 32, 32, 26, 24, 25, 23, 25, 25, 25, 27, 24, 27, 26, 28, 25, 25, 25, 24, 26, 28, 26, 27]
Mins:[13, 12, 11, 13, 10, 23, 15, 18, 23, 23, 16, 20, 18, 17, 16, 15, 16, 18, 16, 16, 10, 20, 16, 18, 13, 17, 21, 17, 17, 24, 22, 27, 24, 25, 24, 24, 25, 27, 27, 25, 15, 16, 14, 13, 14, 14, 15, 16, 14, 19, 16, 15, 17, 16, 9, 19, 17, 20, 15, 16]

./youtube_vids/cleaning2.mp4.wav
Maxs:[39, 23, 31, 23, 22, 23, 22, 22, 23, 21, 23, 23, 24, 22, 23, 23, 21, 22, 23, 24, 23, 23, 22, 22, 23, 22, 23, 22, 23, 22, 21, 22, 22, 23, 22, 22, 22, 22, 22, 21, 22, 23, 23, 23, 22, 23, 21, 25, 23, 24, 22, 22, 22, 21, 22, 21, 24, 23, 22, 24]
Means:[27, 18, 21, 18, 18, 18, 18, 17, 18, 17, 18, 18, 18, 18, 18, 18, 18, 18, 18, 18, 18, 18, 18, 18, 18, 18, 18, 18, 18, 18, 17, 18, 18, 18, 18, 18, 18, 17, 18, 18, 18, 18, 18, 18, 18, 18, 17, 18, 18, 18, 18, 18, 18, 17, 18, 18, 18, 18, 18, 18]
Mins:[14, 14, 16, 15, 15, 13, 14, 14, 14, 15, 15, 14, 12, 15, 14, 15, 13, 14, 15, 12, 14, 14, 14, 14, 14, 13, 15, 15, 13, 15, 12, 15, 15, 14, 15, 13, 15, 13, 14, 15, 14, 14, 12, 14, 13, 14, 14, 15, 14, 11, 15, 14, 13, 13, 13, 14, 15, 14, 14, 16]

./youtube_vids/cleaning3.mp4.wav
Maxs:[40, 23, 25, 26, 26, 24, 23, 23, 23, 23, 24, 23, 23, 23, 23, 22, 22, 23, 23, 24, 23, 23, 22, 23, 23, 23, 23, 24, 25, 23, 23, 23, 22, 21, 23, 22, 22, 23, 23, 24, 22, 23, 24, 24, 23, 23, 23, 22, 23, 22, 23, 23, 23, 26, 23, 22, 22, 22, 24, 23]
Means:[30, 19, 20, 20, 19, 19, 19, 19, 19, 19, 19, 19, 19, 19, 19, 19, 19, 19, 19, 20, 19, 19, 19, 19, 19, 18, 19, 19, 20, 19, 19, 19, 19, 19, 19, 19, 19, 19, 19, 19, 19, 19, 19, 19, 20, 19, 19, 19, 19, 19, 19, 19, 20, 19, 19, 19, 19, 19, 19, 19]
Mins:[14, 15, 16, 16, 14, 15, 15, 14, 16, 15, 17, 16, 16, 14, 15, 16, 14, 16, 16, 18, 15, 15, 14, 16, 16, 15, 16, 16, 15, 15, 14, 14, 16, 16, 15, 16, 17, 15, 15, 12, 13, 15, 16, 16, 17, 16, 16, 13, 14, 16, 16, 15, 17, 14, 16, 15, 15, 16, 14, 16]

./youtube_vids/cleaning4.mp4.wav
Maxs:[38, 21, 20, 20, 21, 20, 21, 21, 21, 22, 21, 21, 20, 21, 21, 21, 20, 20, 22, 22, 21, 22, 20, 21, 21, 22, 21, 21, 21, 22, 20, 21, 22, 22, 21, 21, 21, 22, 21, 20, 21, 21, 20, 22, 20, 21, 21, 21, 22, 21, 21, 21, 20, 20, 21, 22, 21, 20]
Means:[26, 16, 16, 14, 16, 16, 16, 16, 15, 16, 17, 15, 15, 16, 16, 16, 16, 15, 17, 16, 16, 16, 16, 16, 16, 16, 15, 16, 16, 16, 16, 15, 16, 16, 16, 16, 16, 15, 17, 15, 16, 16, 16, 15, 15, 15, 16, 16, 15, 16, 16, 17, 16, 15, 16, 16, 16, 15]
Mins:[13, 9, 11, 8, 12, 11, 11, 9, 10, 11, 11, 8, 10, 10, 9, 9, 12, 7, 12, 11, 11, 10, 10, 8, 12, 11, 10, 11, 10, 10, 11, 9, 12, 11, 11, 10, 10, 8, 12, 9, 10, 10, 12, 9, 8, 8, 12, 8, 9, 11, 11, 12, 8, 11, 9, 10, 9, 11]

./youtube_vids/cooking2.mp4.wav
Maxs:[39, 39, 40, 40, 38, 40, 39, 39, 38, 40, 39, 40, 38, 40, 39, 40, 39, 39, 40, 39, 39, 38, 41, 40, 40, 39, 39, 39, 40, 39, 39, 40, 39, 40, 39, 39, 39, 39, 39, 39, 40, 39, 39, 40, 40, 40, 39, 39, 40, 39, 39, 38, 39, 41, 39, 40, 39, 39, 38]
Means:[36, 35, 35, 36, 35, 35, 35, 35, 35, 35, 35, 34, 34, 36, 36, 36, 36, 35, 35, 35, 35, 36, 35, 36, 36, 35, 35, 35, 36, 35, 35, 36, 35, 35, 36, 36, 36, 36, 35, 35, 36, 36, 35, 35, 35, 35, 36, 34, 36, 36, 36, 35, 36, 36, 35, 34, 35, 35, 35]
Mins:[33, 25, 33, 31, 32, 25, 22, 28, 12, 23, 19, 22, 26, 28, 34, 33, 16, 21, 24, 17, 28, 16, 14, 13, 28, 30, 24, 31, 32, 17, 18, 13, 30, 24, 33, 32, 26, 30, 23, 23, 30, 33, 27, 22, 21, 22, 25, 21, 26, 32, 33, 32, 33, 22, 17, 19, 28, 25, 32]

./youtube_vids/cooking_11-22.mp4.wav
Maxs:[39, 39, 39, 39, 38, 38, 38, 38, 39, 38, 38, 39, 38, 38, 38, 37, 38, 38, 37, 38, 38, 37, 37, 37, 38, 37, 38, 38, 37, 37, 37, 38, 38, 38, 38, 38, 37, 37, 38, 38, 39, 37, 37, 37, 37, 38, 37, 37, 36, 37, 37, 37, 37, 39, 37, 38, 37, 38, 38]
Means:[36, 36, 36, 35, 35, 35, 34, 35, 34, 35, 34, 33, 34, 34, 35, 35, 34, 34, 34, 33, 34, 34, 34, 33, 34, 34, 34, 34, 34, 34, 34, 33, 35, 35, 34, 35, 35, 34, 34, 34, 33, 34, 34, 34, 33, 33, 34, 32, 34, 34, 35, 34, 35, 34, 34, 34, 34, 35, 35]
Mins:[33, 26, 30, 19, 33, 34, 22, 30, 12, 28, 22, 18, 28, 26, 32, 32, 32, 18, 22, 18, 17, 18, 32, 14, 13, 32, 29, 26, 30, 17, 25, 14, 23, 31, 25, 33, 33, 28, 29, 23, 20, 30, 32, 27, 23, 22, 28, 21, 27, 32, 32, 30, 32, 19, 16, 26, 26, 27, 16]

./youtube_vids/crowd_talking.mp4.wav
Maxs:[38, 19, 19, 20, 19, 21, 19, 19, 19, 20, 18, 20, 20, 21, 18, 19, 18, 18, 19, 18, 20, 18, 21, 17, 20, 19, 21, 19, 20, 18, 20, 18, 21, 19, 22, 18, 21, 19, 19, 19, 20, 18, 20, 19, 20, 19, 21, 19, 20, 19, 20, 19, 20, 19, 20, 18, 19, 19, 19]
Means:[23, 13, 13, 13, 13, 13, 13, 13, 13, 13, 12, 13, 13, 13, 13, 13, 13, 13, 13, 13, 13, 13, 13, 13, 13, 13, 13, 13, 13, 13, 13, 12, 13, 13, 13, 12, 13, 13, 13, 13, 13, 13, 13, 13, 13, 13, 13, 13, 13, 13, 13, 13, 13, 13, 13, 13, 13, 13, 13]
Mins:[7, 7, 7, 7, 7, 7, 7, 7, 8, 7, 7, 7, 7, 7, 8, 7, 8, 8, 7, 8, 7, 8, 7, 8, 8, 8, 8, 8, 7, 7, 7, 7, 8, 7, 8, 7, 8, 7, 8, 8, 8, 7, 7, 7, 8, 8, 7, 8, 7, 7, 7, 8, 8, 7, 8, 8, 7, 7, 8]


./youtube_vids/crowd_talking2.mp4.wav
Maxs:[39, 34, 32, 32, 33, 31, 32, 31, 34, 32, 34, 33, 35, 33, 32, 35, 33, 33, 33, 34, 33, 32, 33, 32, 33, 32, 34, 33, 33, 33, 36, 34, 33, 35, 32, 31, 33, 34, 31, 32, 32, 32, 33, 31, 34, 32, 33, 32, 36, 32, 32, 35, 33, 33, 32, 34, 33, 32, 32]
Means:[32, 27, 27, 26, 27, 27, 27, 27, 27, 27, 28, 28, 28, 27, 27, 27, 27, 27, 27, 27, 28, 26, 27, 27, 27, 27, 27, 27, 28, 27, 28, 27, 27, 27, 27, 27, 27, 27, 27, 26, 27, 27, 27, 27, 27, 27, 28, 27, 28, 27, 27, 27, 27, 27, 27, 27, 28, 26, 27]
Mins:[23, 20, 19, 18, 19, 22, 23, 21, 21, 21, 21, 18, 22, 22, 19, 19, 21, 17, 22, 21, 19, 18, 19, 22, 23, 21, 22, 21, 21, 18, 23, 22, 20, 21, 19, 17, 22, 20, 20, 19, 19, 21, 22, 19, 22, 22, 21, 18, 23, 22, 19, 22, 20, 17, 22, 21, 19, 19, 19]

./youtube_vids/dog_barking2.mp4.wav
Maxs:[39, 40, 40, 40, 40, 41, 40, 40, 40, 39, 39, 41, 39, 40, 40, 40, 39, 41, 40, 40, 40, 40, 40, 40, 39, 39, 40, 38, 40, 39, 39, 40, 40, 40, 40, 40, 40, 39, 39, 39, 39, 39, 39, 40, 41, 41, 41, 40, 41, 40, 39, 39, 40, 40, 39, 39, 40, 39]
Means:[34, 33, 30, 33, 31, 33, 30, 32, 32, 31, 32, 31, 32, 31, 31, 31, 32, 32, 30, 32, 31, 32, 31, 31, 32, 30, 32, 31, 31, 31, 30, 33, 31, 32, 31, 32, 31, 31, 32, 32, 30, 32, 30, 32, 32, 33, 31, 33, 32, 33, 32, 30, 32, 30, 32, 31, 32, 30]
Mins:[11, 11, 11, 10, 9, 8, 10, 12, 10, 11, 10, 8, 12, 11, 13, 10, 10, 10, 10, 11, 13, 13, 10, 6, 10, 11, 14, 13, 9, 11, 11, 12, 12, 11, 9, 9, 10, 12, 11, 10, 9, 11, 11, 8, 11, 8, 11, 10, 11, 16, 10, 8, 11, 12, 12, 11, 9, 9]

./youtube_vids/dog_barking3.mp4.wav
Maxs:[40, 40, 40, 39, 40, 39, 40, 40, 41, 40, 40, 40, 40, 40, 40, 39, 39, 38, 39, 39, 41, 40, 40, 41, 40, 40, 40, 39, 40, 40, 40, 39, 39, 39, 39, 38, 39, 39, 39, 39, 38, 41, 40, 40, 42, 41, 41, 41, 40, 40, 40, 39, 39, 40, 41, 40, 39, 40, 41, 40]
Means:[35, 32, 34, 31, 33, 31, 33, 32, 34, 32, 33, 31, 33, 31, 33, 31, 33, 31, 33, 31, 34, 32, 34, 32, 34, 31, 34, 32, 33, 31, 33, 31, 33, 31, 33, 31, 33, 31, 33, 31, 32, 32, 33, 32, 34, 32, 34, 32, 34, 32, 34, 31, 33, 31, 33, 31, 33, 31, 34, 32]
Mins:[13, 11, 12, 11, 12, 11, 12, 11, 12, 11, 12, 11, 12, 12, 11, 11, 12, 11, 12, 11, 12, 11, 12, 11, 12, 11, 12, 10, 12, 11, 11, 11, 11, 11, 12, 11, 12, 11, 12, 11, 12, 11, 12, 11, 12, 12, 12, 11, 12, 11, 12, 11, 12, 11, 12, 11, 11, 11, 12, 11]

./youtube_vids/eating.mp4.wav
Maxs:[39, 41, 40, 39, 40, 39, 38, 40, 38, 39, 39, 38, 39, 38, 38, 38, 38, 37, 39, 38, 38, 39, 38, 38, 38, 39, 39, 39, 39, 39, 39, 39, 38, 39, 38, 38, 37, 38, 40, 40, 39, 41, 39, 38, 38, 39, 39, 39, 40, 39, 38, 39, 38, 39, 39, 40, 40, 39]
Means:[34, 35, 35, 35, 35, 35, 35, 35, 35, 35, 35, 35, 35, 35, 34, 35, 34, 34, 34, 35, 35, 35, 35, 35, 34, 35, 35, 35, 35, 35, 35, 35, 32, 35, 35, 35, 34, 34, 35, 35, 36, 35, 35, 35, 35, 35, 36, 35, 35, 35, 35, 33, 34, 35, 35, 36, 35, 35]
Mins:[23, 22, 24, 26, 32, 22, 25, 27, 28, 31, 31, 31, 33, 29, 19, 26, 27, 22, 15, 31, 31, 30, 33, 23, 25, 33, 31, 26, 29, 30, 24, 29, 16, 22, 31, 31, 25, 28, 26, 26, 30, 28, 27, 30, 27, 22, 32, 25, 28, 31, 28, 20, 27, 30, 31, 30, 29, 28]

./youtube_vids/keyboard2.mp4.wav
Maxs:[39, 38, 40, 39, 39, 39, 39, 41, 40, 38, 40, 39, 40, 40, 39, 38, 39, 38, 39, 38, 38, 38, 39, 39, 39, 39, 39, 40, 38, 39, 38, 37, 38, 38, 38, 39, 37, 39, 38, 37, 37, 37, 37, 38, 37, 37, 39, 38, 37, 38, 39, 39, 39, 38, 39, 39, 38, 39, 38, 38]
Means:[33, 32, 31, 31, 32, 32, 32, 33, 33, 31, 33, 32, 31, 33, 32, 31, 32, 31, 32, 31, 30, 31, 33, 32, 34, 32, 31, 31, 30, 31, 33, 32, 32, 32, 33, 31, 32, 32, 31, 30, 31, 30, 31, 31, 31, 32, 32, 32, 32, 31, 33, 33, 31, 32, 33, 31, 32, 31, 30, 31]
Mins:[17, 21, 17, 18, 17, 18, 19, 19, 18, 19, 20, 22, 18, 21, 18, 18, 19, 21, 21, 18, 16, 21, 22, 18, 27, 17, 15, 18, 17, 20, 25, 16, 19, 17, 19, 16, 21, 21, 17, 17, 17, 16, 17, 20, 19, 21, 23, 17, 18, 18, 21, 25, 19, 18, 26, 17, 16, 16, 17, 17]

./youtube_vids/key_board3.mp4.wav
Maxs:[37, 36, 37, 37, 37, 38, 37, 37, 37, 36, 36, 37, 36, 36, 37, 38, 38, 37, 37, 39, 38, 39, 38, 39, 37, 37, 37, 37, 37, 37, 37, 36, 37, 36, 36, 36, 37, 37, 37, 36, 39, 38, 38, 38, 38, 38, 38, 38, 38, 38, 38, 37, 37, 37, 37, 36, 37]
Means:[34, 34, 34, 34, 34, 34, 34, 34, 33, 33, 33, 33, 33, 33, 34, 34, 34, 34, 34, 35, 35, 35, 35, 35, 34, 34, 34, 34, 33, 34, 33, 33, 33, 33, 33, 33, 33, 33, 34, 33, 34, 34, 35, 34, 34, 35, 34, 34, 34, 35, 35, 34, 34, 34, 34, 33, 34]
Mins:[31, 27, 31, 31, 29, 27, 29, 31, 28, 30, 28, 31, 29, 30, 30, 29, 25, 31, 31, 29, 31, 31, 33, 29, 30, 30, 31, 28, 29, 31, 28, 32, 31, 30, 32, 31, 31, 26, 31, 31, 29, 29, 30, 30, 31, 32, 25, 29, 31, 32, 30, 32, 30, 30, 30, 29, 30]

./youtube_vids/keyboard4.mp4.wav 10 cm
Maxs:[38, 37, 37, 37, 38, 39, 38, 38, 37, 37, 37, 38, 37, 38, 39, 38, 39, 37, 38, 38, 37, 38, 38, 38, 38, 37, 38, 38, 37, 38, 38, 39, 39, 39, 39, 38, 39, 39, 40, 39, 38, 39, 38, 39, 39, 38, 38, 38, 38, 39, 40, 40, 39, 41, 40, 37, 37, 38, 38]
Means:[34, 33, 34, 34, 34, 34, 34, 34, 34, 34, 34, 34, 34, 34, 35, 35, 34, 34, 34, 34, 33, 34, 34, 34, 33, 34, 34, 34, 34, 34, 34, 35, 35, 35, 35, 34, 34, 34, 34, 34, 34, 34, 34, 34, 34, 35, 34, 35, 34, 35, 36, 35, 35, 35, 35, 34, 34, 34, 34]
Mins:[22, 26, 28, 30, 30, 25, 31, 28, 28, 30, 30, 31, 29, 28, 29, 27, 31, 30, 31, 27, 29, 31, 31, 30, 30, 28, 30, 30, 28, 30, 24, 31, 30, 30, 30, 29, 31, 30, 27, 29, 31, 27, 29, 26, 28, 29, 27, 31, 31, 30, 26, 30, 24, 29, 31, 28, 30, 27, 31]

./youtube_vids/keyboard4.mp4.wav 10 cm
Maxs:[38, 38, 38, 38, 37, 38, 39, 37, 38, 38, 39, 40, 40, 40, 40, 38, 37, 39, 38, 38, 39, 37, 37, 38, 38, 40, 38, 38, 40, 40, 39, 39, 39, 38, 39, 38, 38, 37, 36, 36, 37, 37, 37, 37, 38, 38, 39, 40, 39, 39, 40, 40, 39, 38, 38, 38, 37, 37]
Means:[34, 34, 34, 34, 34, 34, 34, 34, 34, 34, 35, 35, 35, 35, 35, 34, 33, 34, 34, 34, 34, 34, 34, 34, 34, 34, 34, 34, 36, 36, 35, 35, 35, 34, 34, 34, 34, 33, 33, 33, 33, 33, 33, 33, 34, 34, 35, 35, 35, 35, 36, 35, 34, 34, 34, 34, 34, 34]
Mins:[29, 30, 29, 28, 31, 29, 30, 31, 30, 29, 28, 28, 30, 30, 30, 29, 26, 29, 25, 31, 30, 29, 29, 28, 25, 28, 30, 30, 26, 31, 28, 28, 29, 30, 29, 29, 24, 28, 30, 31, 30, 26, 26, 27, 29, 26, 29, 25, 27, 30, 27, 30, 27, 31, 28, 31, 28, 31]


./youtube_vids/punk_music2.mp4.wav
Maxs:[37, 38, 37, 37, 37, 39, 38, 37, 37, 38, 38, 37, 37, 37, 37, 37, 37, 37, 38, 37, 36, 37, 38, 37, 37, 36, 37, 37, 36, 36, 37, 37, 38, 40, 39, 38, 38, 38, 39, 38, 38, 38, 38, 38, 38, 38, 38, 38, 38, 37, 39, 40, 38, 38, 38, 38, 38, 38]
Means:[35, 34, 34, 33, 34, 35, 35, 34, 34, 34, 34, 34, 34, 34, 34, 34, 34, 34, 34, 34, 34, 35, 34, 34, 34, 34, 34, 34, 33, 33, 34, 34, 35, 37, 36, 36, 35, 35, 35, 35, 35, 35, 35, 35, 35, 35, 35, 34, 35, 34, 36, 36, 35, 35, 35, 35, 35, 35]
Mins:[31, 32, 31, 28, 31, 32, 32, 32, 31, 32, 31, 31, 31, 29, 32, 33, 33, 31, 33, 32, 32, 33, 31, 31, 31, 31, 30, 31, 30, 31, 31, 32, 32, 34, 31, 33, 32, 32, 33, 33, 32, 32, 32, 32, 31, 32, 31, 32, 31, 32, 33, 32, 33, 33, 33, 33, 33, 31]

./youtube_vids/punk_music3.mp4.wav
Maxs:[38, 29, 27, 29, 24, 36, 33, 30, 34, 31, 30, 35, 33, 34, 33, 36, 33, 29, 34, 32, 31, 36, 33, 34, 29, 33, 32, 35, 35, 32, 34, 27, 28, 35, 31, 36, 29, 34, 32, 34, 31, 34, 30, 29, 33, 35, 36, 34, 33, 31, 34, 33, 28, 30, 33, 34, 30, 32]
Means:[32, 23, 22, 21, 20, 23, 23, 24, 25, 27, 25, 26, 24, 25, 23, 27, 25, 25, 25, 25, 25, 26, 26, 25, 23, 23, 23, 24, 24, 22, 23, 21, 21, 25, 21, 21, 21, 21, 27, 26, 25, 22, 23, 21, 20, 24, 24, 21, 22, 25, 25, 23, 22, 23, 22, 25, 23, 23]
Mins:[20, 17, 16, 16, 17, 17, 18, 19, 17, 22, 20, 22, 18, 19, 18, 18, 20, 20, 20, 19, 19, 19, 17, 17, 17, 18, 18, 18, 17, 15, 15, 16, 17, 15, 17, 15, 13, 15, 22, 17, 18, 17, 18, 17, 15, 15, 18, 15, 15, 21, 18, 19, 18, 18, 17, 18, 13, 17]

./youtube_vids/cleaning2.mp4.wav
Maxs:[37, 22, 31, 24, 23, 23, 22, 21, 24, 22, 23, 22, 22, 23, 22, 23, 21, 22, 22, 22, 22, 22, 23, 21, 25, 22, 22, 22, 22, 23, 21, 25, 22, 22, 22, 22, 23, 22, 24, 21, 22, 21, 22, 22, 21, 23, 21, 24, 22, 22, 23, 22, 23, 21, 24, 22, 23, 22, 24]
Means:[26, 18, 21, 19, 18, 18, 18, 18, 19, 18, 19, 18, 18, 19, 18, 19, 18, 19, 18, 18, 18, 18, 19, 18, 19, 18, 19, 18, 18, 18, 18, 19, 18, 19, 18, 18, 18, 18, 19, 18, 19, 18, 19, 18, 18, 18, 18, 19, 18, 18, 18, 18, 19, 18, 19, 18, 18, 18, 19]
Mins:[15, 15, 15, 15, 15, 15, 16, 14, 16, 15, 16, 16, 14, 14, 16, 15, 15, 13, 15, 15, 15, 15, 16, 15, 14, 14, 15, 15, 15, 14, 14, 15, 13, 13, 15, 15, 15, 14, 15, 15, 15, 16, 15, 15, 15, 16, 15, 14, 14, 14, 15, 15, 14, 15, 14, 15, 15, 15, 16]

./youtube_vids/cleaning3.mp4.wav
Maxs:[38, 25, 25, 26, 23, 23, 22, 23, 22, 23, 23, 23, 24, 22, 23, 23, 23, 22, 23, 23, 25, 22, 22, 22, 22, 22, 24, 23, 24, 23, 22, 23, 22, 22, 24, 23, 23, 22, 22, 23, 22, 23, 23, 23, 22, 23, 21, 22, 22, 23, 25, 23, 23, 22, 23, 23, 24]
Means:[29, 19, 21, 20, 19, 19, 19, 19, 19, 19, 20, 19, 19, 19, 19, 19, 19, 20, 20, 20, 20, 20, 19, 19, 19, 19, 20, 19, 20, 19, 19, 19, 18, 20, 20, 20, 20, 19, 19, 19, 19, 20, 19, 19, 19, 19, 19, 19, 19, 19, 19, 19, 19, 19, 19, 20, 19]
Mins:[14, 16, 17, 18, 15, 15, 15, 16, 16, 15, 17, 17, 17, 16, 14, 15, 17, 17, 16, 16, 17, 16, 13, 17, 14, 15, 17, 16, 17, 15, 16, 15, 15, 17, 17, 17, 17, 16, 16, 16, 16, 17, 16, 16, 15, 16, 16, 16, 16, 17, 15, 15, 16, 17, 16, 16, 17]

./youtube_vids/cleaning4.mp4.wav
Maxs:[39, 21, 21, 20, 21, 21, 21, 21, 21, 22, 21, 20, 20, 21, 21, 20, 20, 20, 22, 21, 21, 21, 21, 21, 21, 21, 21, 21, 21, 22, 21, 21, 21, 21, 22, 21, 20, 20, 21, 21, 21, 22, 21, 21, 21, 20, 20, 22, 21, 21, 21, 21, 20, 21]
Means:[26, 16, 17, 15, 17, 17, 17, 16, 16, 16, 17, 16, 15, 17, 16, 17, 16, 15, 17, 17, 16, 16, 16, 16, 17, 16, 16, 17, 17, 17, 17, 16, 16, 17, 16, 17, 16, 15, 17, 17, 17, 16, 16, 16, 17, 16, 15, 17, 17, 16, 16, 16, 16, 16]
Mins:[13, 10, 10, 8, 13, 10, 10, 11, 11, 8, 13, 9, 9, 11, 10, 10, 13, 7, 13, 11, 12, 10, 10, 10, 14, 11, 10, 10, 10, 13, 11, 12, 10, 11, 8, 13, 9, 9, 9, 11, 12, 11, 9, 9, 13, 9, 11, 12, 8, 12, 12, 11, 10, 7]

./youtube_vids/cooking2.mp4.wav
Maxs:[41, 41, 40, 40, 39, 40, 40, 40, 40, 41, 39, 40, 39, 40, 40, 40, 40, 41, 41, 40, 40, 41, 40, 40, 39, 39, 40, 40, 40, 40, 39, 40, 41, 42, 40, 40, 41, 40, 40, 40, 40, 39, 40, 39, 40, 39, 39, 39, 40, 39, 40, 40, 41, 39, 40]
Means:[36, 36, 36, 36, 36, 37, 36, 35, 36, 35, 33, 36, 36, 36, 37, 36, 34, 36, 36, 36, 36, 36, 36, 36, 36, 36, 36, 36, 36, 36, 36, 36, 37, 37, 36, 36, 36, 36, 36, 36, 36, 36, 36, 36, 35, 36, 36, 36, 36, 36, 35, 36, 36, 36, 36]
Mins:[30, 21, 24, 23, 29, 35, 26, 23, 34, 19, 18, 23, 32, 33, 33, 26, 21, 24, 22, 28, 32, 18, 30, 23, 25, 29, 23, 12, 11, 33, 21, 32, 31, 33, 22, 27, 31, 34, 28, 24, 29, 31, 22, 23, 18, 26, 24, 30, 34, 32, 23, 16, 26, 15, 24]

./youtube_vids/crowd_talking2.mp4.wav
Maxs:[40, 33, 32, 34, 32, 36, 33, 34, 34, 37, 33, 32, 34, 34, 33, 33, 34, 32, 34, 32, 35, 33, 34, 33, 38, 33, 35, 33, 32, 34, 33, 33, 34, 33, 34, 31, 32, 34, 34, 33, 35, 33, 36, 33, 35, 32, 31, 33, 33, 33, 34, 31, 34, 34]
Means:[32, 26, 26, 28, 27, 27, 27, 28, 27, 28, 27, 27, 27, 28, 27, 27, 27, 26, 28, 27, 28, 27, 28, 27, 28, 27, 27, 27, 27, 27, 28, 27, 27, 27, 27, 26, 28, 27, 28, 27, 28, 27, 28, 27, 27, 27, 27, 27, 28, 27, 27, 26, 28, 27]
Mins:[23, 22, 20, 21, 20, 22, 21, 21, 21, 20, 21, 20, 21, 24, 16, 21, 20, 21, 21, 21, 20, 19, 21, 21, 21, 16, 22, 18, 21, 21, 24, 16, 22, 22, 19, 20, 20, 21, 22, 19, 21, 21, 21, 17, 22, 17, 20, 21, 24, 15, 18, 20, 18, 21]

./youtube_vids/dog_barking2.mp4.wav
Maxs:[40, 42, 41, 40, 41, 41, 41, 40, 41, 41, 40, 41, 41, 40, 41, 40, 41, 41, 42, 40, 43, 40, 41, 41, 41, 41, 41, 41, 41, 41, 40, 41, 40, 41, 41, 41, 41, 41, 42, 42, 41, 42, 42, 41, 40, 41, 41, 40, 41, 41, 40, 40, 40, 40, 40, 42, 41, 41, 41]
Means:[35, 31, 33, 31, 33, 31, 32, 33, 33, 33, 32, 32, 31, 32, 32, 32, 33, 31, 33, 31, 33, 31, 33, 34, 33, 33, 32, 33, 30, 33, 32, 33, 31, 33, 31, 33, 32, 33, 34, 31, 33, 32, 33, 31, 33, 33, 31, 33, 32, 33, 32, 32, 33, 31, 32, 32, 33, 32, 32]
Mins:[12, 12, 11, 10, 9, 11, 10, 11, 11, 10, 9, 11, 11, 11, 11, 11, 9, 11, 8, 13, 13, 10, 9, 10, 12, 13, 11, 11, 10, 12, 13, 13, 10, 10, 11, 10, 9, 11, 10, 10, 12, 11, 12, 10, 12, 9, 11, 10, 11, 14, 11, 9, 10, 11, 12, 11, 9, 10, 10]

./youtube_vids/dog_barking3.mp4.wav
Maxs:[40, 41, 41, 41, 41, 40, 42, 41, 41, 42, 41, 41, 42, 40, 40, 40, 40, 40, 41, 42, 40, 41, 41, 41, 41, 41, 41, 41, 41, 40, 40, 40, 41, 41, 40, 41, 41, 42, 41, 40, 41, 41, 40, 40, 41, 42, 41, 40, 40, 40, 41, 40, 41, 40, 41, 41, 40, 42]
Means:[33, 32, 30, 32, 29, 30, 32, 30, 33, 30, 32, 30, 32, 30, 32, 30, 32, 30, 32, 32, 30, 33, 30, 33, 30, 33, 30, 33, 30, 32, 30, 32, 30, 32, 30, 32, 30, 32, 30, 32, 30, 33, 30, 32, 30, 32, 30, 32, 30, 32, 30, 32, 30, 32, 30, 32, 30, 32]
Mins:[10, 11, 9, 10, 10, 10, 10, 10, 11, 10, 10, 10, 11, 10, 11, 10, 11, 10, 11, 11, 10, 11, 10, 11, 10, 11, 10, 11, 10, 11, 10, 11, 10, 11, 10, 11, 9, 11, 10, 11, 10, 11, 10, 11, 10, 11, 10, 11, 10, 11, 10, 11, 10, 11, 10, 11, 10, 11]

./youtube_vids/eating.mp4.wav
Maxs:[39, 40, 40, 40, 41, 40, 39, 40, 40, 40, 39, 39, 39, 39, 39, 40, 39, 39, 39, 39, 39, 40, 40, 40, 40, 39, 39, 39, 39, 39, 39, 39, 39, 39, 40, 39, 39, 39, 39, 39, 39, 40, 39, 39, 40, 40, 39, 40, 39, 40, 39, 40, 41, 39, 40, 40, 39, 39]
Means:[35, 36, 36, 36, 36, 35, 35, 36, 36, 36, 36, 36, 36, 36, 34, 33, 36, 36, 35, 36, 36, 36, 36, 36, 34, 36, 36, 36, 36, 36, 35, 36, 32, 36, 36, 36, 35, 35, 35, 35, 35, 35, 36, 35, 36, 36, 35, 36, 35, 36, 36, 36, 32, 36, 36, 36, 36, 36]
Mins:[25, 29, 20, 31, 23, 18, 26, 25, 29, 29, 30, 32, 26, 34, 22, 15, 26, 18, 16, 28, 32, 32, 24, 28, 21, 29, 30, 31, 32, 26, 28, 31, 15, 32, 32, 26, 30, 25, 30, 26, 29, 28, 31, 20, 29, 29, 27, 32, 18, 32, 30, 30, 15, 27, 32, 30, 32, 27]

./youtube_vids/keyboard2.mp4.wav
Maxs:[39, 40, 39, 40, 40, 40, 39, 40, 42, 39, 41, 39, 40, 40, 40, 40, 40, 41, 39, 39, 40, 39, 40, 39, 40, 40, 40, 38, 40, 41, 40, 40, 40, 39, 41, 40, 40, 40, 39, 40, 39, 40, 41, 39, 40, 41, 41, 39, 39, 40, 40, 40, 40, 39, 39, 40, 40]
Means:[34, 34, 34, 32, 32, 32, 32, 33, 32, 32, 34, 32, 32, 34, 32, 33, 34, 32, 33, 32, 32, 32, 33, 32, 32, 32, 33, 32, 32, 33, 32, 32, 35, 32, 33, 33, 31, 32, 32, 32, 32, 32, 33, 33, 32, 32, 33, 33, 30, 32, 32, 34, 33, 32, 32, 33, 32]
Mins:[20, 19, 21, 17, 18, 18, 18, 18, 17, 18, 17, 21, 16, 23, 19, 19, 22, 19, 18, 19, 17, 17, 18, 17, 16, 17, 19, 17, 19, 20, 18, 18, 23, 15, 18, 21, 16, 18, 16, 17, 18, 23, 25, 18, 18, 21, 17, 18, 17, 21, 22, 19, 21, 18, 15, 20, 17]

./youtube_vids/key_board3.mp4.wav
Maxs:[39, 38, 38, 39, 38, 39, 39, 39, 38, 38, 38, 39, 39, 38, 39, 38, 39, 38, 40, 39, 39, 39, 39, 38, 38, 38, 38, 39, 39, 38, 39, 38, 39, 39, 39, 40, 39, 39, 39, 40, 38, 38, 38, 38, 38, 39, 39, 38, 38, 39, 39, 40, 40, 39, 39, 38, 39]
Means:[35, 35, 35, 36, 35, 35, 35, 35, 35, 35, 34, 35, 35, 35, 34, 35, 35, 35, 35, 35, 35, 35, 35, 35, 35, 34, 34, 35, 35, 35, 35, 35, 35, 36, 35, 36, 35, 35, 35, 36, 35, 35, 35, 34, 35, 35, 35, 36, 35, 36, 35, 36, 35, 35, 35, 34, 35]
Mins:[20, 32, 32, 32, 30, 29, 30, 32, 29, 32, 30, 29, 31, 31, 28, 31, 30, 31, 30, 33, 32, 31, 31, 31, 31, 29, 30, 30, 31, 30, 31, 29, 31, 31, 31, 30, 29, 31, 31, 30, 31, 29, 31, 28, 30, 29, 31, 32, 31, 31, 31, 32, 31, 30, 31, 30, 30]

