./youtube_vids/classical_music.mp4.wav
Maxs:[49, 51, 47, 49, 53, 47, 46, 50, 50, 49, 46, 48, 50, 49, 50, 51, 49, 50, 49, 49, 48, 49, 50, 51, 49, 51, 47, 49, 49, 49, 50, 48, 46, 46, 50, 49, 47, 52, 49, 47, 49, 50, 50, 46, 47, 51, 44, 50, 49, 50, 49, 50, 49, 48, 51, 50, 47, 51, 50, 51, 47, 52, 50, 51, 47, 52, 44, 51, 50, 43, 40, 53, 42, 40, 44, 52, 48, 51, 45, 42, 51, 41, 49, 46, 45, 51, 50, 43, 51, 46, 41, 42, 44, 50, 52, 47, 50, 46, 47, 51, 50, 52, 51, 51, 50, 51, 50, 49, 51, 50, 48, 49, 51, 51, 50, 51, 46, 40, 44, 44, 41, 47, 49, 47, 47, 52, 47, 49, 48, 47, 47, 49, 44, 44, 48, 48, 52, 44, 50, 50, 51, 51, 42, 52, 50, 51, 49, 47, 50, 49, 51, 50, 48, 51, 47, 50, 50, 50, 51, 49, 50, 53, 51]
Means:[35, 34, 37, 36, 39, 41, 37, 42, 43, 43, 36, 38, 39, 38, 39, 37, 38, 40, 38, 42, 42, 42, 43, 42, 43, 44, 42, 43, 42, 43, 39, 36, 35, 33, 34, 36, 34, 35, 37, 35, 38, 36, 35, 35, 35, 37, 33, 38, 37, 38, 35, 37, 39, 36, 39, 38, 37, 44, 45, 38, 39, 43, 45, 39, 36, 36, 34, 38, 35, 34, 30, 32, 31, 29, 30, 31, 32, 34, 33, 33, 32, 29, 31, 34, 36, 33, 31, 31, 35, 34, 35, 31, 34, 34, 38, 36, 39, 37, 35, 36, 39, 38, 38, 39, 39, 44, 45, 42, 41, 39, 40, 41, 45, 44, 46, 44, 35, 32, 34, 35, 33, 35, 42, 41, 41, 34, 34, 36, 36, 35, 35, 39, 37, 37, 40, 38, 36, 35, 44, 37, 37, 34, 34, 42, 38, 36, 39, 35, 38, 38, 42, 43, 38, 35, 36, 36, 39, 43, 40, 41, 43, 41, 41]
Mins:[17, 23, 25, 21, 22, 27, 29, 33, 33, 34, 24, 27, 28, 27, 28, 18, 27, 29, 23, 29, 33, 30, 31, 29, 31, 31, 36, 36, 32, 35, 23, 22, 25, 24, 22, 23, 22, 23, 20, 27, 24, 23, 24, 18, 27, 25, 21, 26, 23, 22, 22, 20, 28, 23, 29, 28, 28, 33, 37, 26, 19, 23, 31, 25, 22, 23, 25, 30, 23, 21, 20, 22, 19, 17, 21, 24, 22, 20, 22, 23, 21, 20, 18, 26, 24, 23, 22, 22, 20, 21, 24, 22, 25, 20, 23, 28, 29, 28, 22, 23, 21, 29, 26, 28, 27, 30, 37, 26, 30, 28, 31, 29, 35, 27, 41, 25, 20, 22, 26, 26, 26, 26, 33, 36, 34, 19, 20, 21, 23, 22, 25, 23, 29, 29, 23, 31, 23, 19, 31, 20, 19, 16, 23, 25, 24, 23, 25, 22, 23, 22, 29, 26, 24, 19, 23, 27, 24, 30, 28, 27, 32, 30, 30]

./youtube_vids/cleaning2.mp4.wav
Maxs:[48, 37, 42, 33, 34, 33, 34, 33, 34, 33, 33, 33, 33, 34, 32, 33, 33, 33, 35, 34, 34, 33, 34, 34, 34, 33, 34, 33, 33, 34, 33, 34, 33, 33, 32, 33, 34, 33, 34, 33, 32, 34, 32, 33, 34, 34, 33, 33, 33, 33, 33, 33, 33, 33, 33, 33, 34, 37]
Means:[29, 29, 31, 28, 29, 28, 29, 28, 29, 29, 28, 29, 28, 29, 28, 29, 29, 28, 29, 28, 29, 28, 29, 28, 29, 29, 28, 29, 28, 29, 29, 29, 28, 29, 28, 29, 29, 29, 28, 29, 28, 29, 28, 29, 29, 28, 29, 28, 29, 28, 29, 28, 29, 29, 28, 29, 28, 29]
Mins:[23, 23, 27, 22, 24, 23, 24, 24, 25, 23, 24, 24, 23, 24, 24, 25, 23, 24, 24, 23, 25, 22, 23, 24, 24, 24, 23, 25, 23, 24, 23, 23, 23, 23, 23, 24, 25, 23, 23, 24, 24, 24, 24, 23, 24, 24, 24, 23, 24, 22, 25, 24, 24, 23, 22, 24, 23, 22]

./youtube_vids/cleaning3.mp4.wav
Maxs:[34, 35, 33, 34, 33, 32, 32, 34, 33, 34, 36, 33, 32, 33, 33, 34, 33, 33, 32, 34, 34, 32, 34, 34, 33, 33, 34, 33, 33, 32, 32, 34, 33, 33, 34, 34, 32, 32, 32, 33, 33, 33, 34, 35, 33, 33, 33, 33, 34, 33, 34, 32, 33, 33, 34, 34, 34, 34]
Means:[30, 31, 30, 29, 29, 29, 29, 29, 29, 30, 29, 29, 29, 29, 29, 29, 29, 29, 29, 29, 28, 29, 29, 29, 29, 30, 29, 29, 29, 29, 29, 29, 29, 29, 29, 29, 29, 29, 29, 29, 29, 29, 30, 29, 29, 29, 29, 29, 29, 29, 30, 29, 29, 29, 29, 29, 30, 29]
Mins:[27, 26, 26, 25, 26, 26, 26, 27, 25, 27, 26, 26, 26, 24, 26, 25, 24, 26, 26, 26, 25, 26, 26, 24, 25, 26, 25, 25, 25, 25, 24, 24, 25, 25, 27, 26, 25, 26, 26, 23, 25, 25, 27, 25, 26, 26, 25, 26, 26, 26, 27, 26, 26, 25, 25, 27, 26, 26]

./youtube_vids/cleaning4.mp4.wav
Maxs:[51, 32, 33, 33, 33, 33, 33, 33, 33, 34, 32, 32, 33, 33, 33, 33, 32, 33, 33, 33, 33, 33, 33, 32, 33, 33, 33, 33, 34, 33, 33, 34, 33, 33, 33, 34, 33, 32, 33, 35, 34, 33, 34, 34, 33, 33, 35, 33, 33, 33, 33, 33, 33, 33, 33, 34]
Means:[27, 27, 26, 26, 26, 27, 26, 26, 27, 26, 27, 26, 25, 27, 27, 27, 26, 27, 26, 26, 27, 27, 27, 26, 25, 26, 27, 26, 26, 27, 26, 27, 26, 25, 27, 26, 27, 26, 26, 26, 27, 26, 26, 27, 27, 26, 26, 26, 27, 26, 26, 26, 26, 27, 26, 25]
Mins:[19, 21, 20, 18, 19, 21, 19, 20, 20, 18, 20, 21, 19, 21, 20, 18, 19, 21, 19, 20, 20, 22, 19, 20, 18, 19, 21, 18, 17, 21, 19, 21, 19, 20, 19, 18, 20, 19, 18, 21, 22, 16, 15, 21, 21, 19, 18, 19, 20, 18, 19, 20, 20, 21, 19, 18]

./youtube_vids/cooking_11-22.mp4.wav
Maxs:[54, 52, 53, 52, 53, 53, 52, 53, 52, 53, 51, 53, 51, 53, 52, 52, 52, 53, 52, 53, 52, 52, 52, 53, 53, 53, 51, 52, 52, 52, 53, 52, 52, 53, 52, 52, 53, 52, 52, 53, 52, 51, 52, 52, 51, 52, 52, 52, 51, 51, 53, 53, 51, 54, 52, 52, 52, 53, 53]
Means:[50, 49, 49, 49, 49, 49, 48, 48, 48, 47, 49, 47, 48, 48, 48, 48, 49, 48, 48, 47, 49, 48, 48, 47, 48, 49, 48, 48, 49, 48, 49, 48, 49, 48, 48, 48, 49, 48, 48, 48, 48, 48, 48, 47, 48, 48, 48, 47, 48, 49, 49, 49, 48, 48, 47, 48, 48, 49, 48]
Mins:[38, 43, 39, 41, 46, 47, 36, 41, 41, 32, 46, 39, 41, 43, 44, 46, 45, 33, 32, 33, 45, 34, 45, 34, 38, 44, 44, 42, 46, 31, 46, 26, 43, 32, 43, 42, 45, 45, 39, 44, 47, 44, 43, 33, 40, 36, 34, 31, 37, 46, 45, 47, 45, 31, 34, 39, 35, 45, 33]


./youtube_vids/cooking2.mp4.wav
Maxs:[53, 51, 52, 52, 51, 52, 53, 53, 52, 52, 54, 52, 52, 52, 51, 52, 52, 54, 52, 53, 52, 52, 51, 53, 53, 51, 52, 52, 51, 52, 52, 53, 53, 52, 52, 52, 53, 52, 52, 51, 52, 52, 51, 51, 52, 53, 52, 53, 52, 51, 54, 51, 52, 51, 53, 52, 52, 53, 52, 53]
Means:[49, 48, 48, 48, 48, 49, 48, 47, 46, 47, 49, 46, 47, 48, 48, 48, 49, 48, 48, 48, 48, 48, 49, 47, 47, 48, 47, 48, 48, 48, 48, 48, 49, 48, 48, 48, 48, 48, 47, 48, 48, 48, 47, 48, 47, 47, 47, 48, 46, 48, 48, 47, 48, 49, 47, 48, 48, 48, 49, 48]
Mins:[43, 42, 34, 33, 39, 46, 38, 26, 32, 34, 36, 33, 38, 41, 45, 44, 45, 33, 29, 30, 43, 33, 46, 27, 33, 40, 35, 38, 44, 32, 36, 30, 42, 46, 44, 33, 42, 33, 32, 39, 42, 46, 35, 35, 22, 39, 22, 36, 29, 34, 45, 32, 39, 46, 30, 39, 42, 41, 32, 33]

./youtube_vids/crowd_talking.mp4.wav
Maxs:[50, 30, 31, 30, 31, 29, 31, 30, 31, 30, 31, 30, 30, 30, 32, 30, 32, 29, 31, 29, 33, 32, 31, 31, 31, 31, 33, 30, 30, 30, 30, 31, 31, 31, 30, 30, 31, 31, 31, 31, 29, 30, 31, 31, 29, 30, 29, 32, 31, 31, 29, 32, 29, 31, 30, 31, 30, 30, 32, 30, 30, 29, 32, 30, 33, 30, 32, 29, 32, 30, 33, 30, 31, 31, 31, 31, 32, 30, 31, 30, 31, 31, 32, 30, 32, 30, 32, 30, 32, 29, 31, 31, 33, 31, 31, 30, 33, 30, 31, 30, 31, 31, 32, 30, 31, 30, 31, 31, 32, 32, 30, 32, 31, 32, 31, 33, 31, 31, 31, 33, 31, 33, 31, 33, 31, 32, 30, 33, 31, 33, 31, 32, 32, 31, 31, 32, 31, 32, 32, 30, 32, 31, 31, 31, 30, 30, 30, 30, 32, 30, 31, 30, 31, 31, 32, 31, 31, 29, 30, 30, 32, 31, 32, 30, 32, 30, 30, 32, 30, 32, 31, 31, 30, 29, 32, 31, 30, 32, 30, 33, 30, 32, 30, 33, 30, 33, 30, 31, 31, 31, 32, 32, 30, 32, 30, 31, 32, 30, 30, 32, 32, 31, 31, 32, 31, 32, 30, 31, 31, 31, 31, 31, 32, 31, 31, 31, 32, 31, 31, 31, 33, 30, 32, 31, 32, 31, 33, 31, 31, 32, 32, 31, 33, 33, 29, 32, 31, 33, 30, 33, 32, 31, 32, 31, 32, 30, 30, 30, 31, 31, 31, 30, 28, 30, 30, 32, 30, 30, 30, 31, 31, 32, 32, 30, 30, 32, 30, 31, 32, 30, 31, 30, 31, 30, 32, 31, 32, 30, 31, 31, 32, 30, 33, 30, 32, 33, 30, 30, 31, 31, 31, 32, 30, 32, 31, 32, 31, 32, 30, 32, 30, 32, 30, 32, 30, 32, 30, 32, 31, 32, 30, 32, 31, 31, 31, 31, 31, 32, 31, 32, 31, 31, 30, 30, 33, 30, 32, 32, 31, 32, 31, 31, 30, 31, 31, 33, 31, 33, 29, 32, 31, 34, 31, 33, 31, 32, 32, 32, 31, 31, 31, 31, 30, 31, 30, 30, 31, 31, 31, 30, 29, 30, 30, 30, 30, 31, 31, 32, 31, 32, 32, 31, 29, 30, 29, 32, 31, 30, 31, 31, 32, 30, 31, 31, 30, 31, 31, 30, 33, 31, 32, 31, 30, 30, 32, 30, 32, 31, 30, 30, 32, 30, 31, 32, 32, 30, 33, 31, 31, 31, 32, 31, 32, 30, 32, 31, 32, 30, 30, 32, 31, 32, 31, 32, 33, 31, 31, 31, 31, 31, 32, 31, 32, 30, 33, 31, 30, 30, 33, 30, 33, 31, 31, 32, 33, 32, 30, 30, 32, 31, 33, 29, 31, 31, 33, 30, 31, 30, 29, 32, 31, 31, 30, 30, 30, 30, 31, 31, 31, 30, 31, 30, 30, 30, 30, 30, 30, 31, 31, 31, 31, 31, 31, 30, 30, 30, 30, 30, 31, 30, 31, 31, 32, 30, 31, 30, 32, 32, 32, 31, 31, 32, 31, 30, 32, 30, 33, 31, 30, 30, 32, 30, 31, 31, 30, 33, 31, 32, 31, 32, 31, 30, 31, 34, 30, 32, 31, 31, 31, 31, 31, 32, 32, 31, 32, 32, 30, 31, 31, 32, 30, 31, 32, 31, 32, 30, 32, 31]
Means:[23, 23, 22, 23, 23, 23, 23, 23, 23, 23, 23, 23, 23, 23, 23, 23, 23, 23, 23, 23, 22, 22, 23, 23, 23, 23, 22, 23, 23, 22, 23, 22, 23, 23, 23, 23, 22, 23, 23, 22, 23, 22, 23, 22, 23, 22, 23, 22, 23, 23, 23, 22, 23, 22, 23, 22, 23, 23, 22, 23, 22, 23, 23, 23, 23, 23, 22, 23, 23, 23, 22, 23, 23, 23, 23, 23, 23, 23, 22, 23, 23, 23, 23, 23, 23, 23, 23, 23, 23, 23, 23, 23, 23, 23, 23, 23, 23, 23, 23, 23, 23, 23, 22, 23, 22, 23, 23, 23, 22, 23, 23, 23, 23, 23, 23, 23, 23, 23, 23, 23, 23, 23, 23, 23, 23, 22, 23, 23, 23, 22, 23, 23, 23, 23, 23, 23, 23, 22, 23, 23, 23, 23, 23, 23, 23, 23, 23, 23, 23, 23, 22, 23, 23, 23, 23, 23, 23, 23, 22, 23, 23, 23, 22, 23, 23, 22, 23, 23, 23, 23, 23, 22, 23, 23, 23, 23, 23, 23, 23, 23, 23, 23, 23, 23, 23, 23, 23, 23, 23, 23, 23, 23, 23, 22, 23, 23, 23, 23, 23, 23, 23, 23, 23, 23, 23, 23, 23, 23, 23, 23, 23, 23, 23, 23, 23, 23, 22, 23, 23, 23, 23, 23, 23, 23, 22, 23, 23, 23, 22, 23, 23, 23, 23, 23, 23, 23, 23, 23, 23, 23, 23, 23, 23, 23, 23, 23, 23, 23, 23, 23, 23, 23, 23, 23, 23, 23, 23, 22, 23, 23, 23, 23, 23, 23, 23, 22, 23, 22, 23, 23, 23, 23, 23, 22, 23, 23, 23, 23, 23, 23, 23, 23, 23, 23, 23, 23, 23, 23, 23, 23, 23, 23, 23, 22, 23, 23, 23, 23, 23, 23, 23, 23, 23, 23, 23, 23, 23, 23, 23, 23, 23, 23, 23, 23, 23, 23, 23, 23, 23, 23, 23, 23, 23, 23, 23, 23, 23, 23, 23, 23, 23, 23, 23, 22, 23, 23, 23, 23, 23, 22, 23, 23, 23, 22, 23, 23, 23, 23, 23, 23, 23, 22, 23, 23, 23, 23, 23, 23, 23, 23, 23, 23, 23, 23, 23, 22, 23, 23, 23, 23, 23, 22, 23, 23, 23, 23, 23, 23, 23, 22, 23, 22, 23, 22, 23, 22, 23, 22, 23, 23, 23, 22, 23, 23, 23, 23, 23, 22, 23, 23, 23, 22, 23, 22, 23, 22, 23, 23, 22, 23, 23, 23, 23, 23, 23, 23, 23, 23, 23, 23, 23, 23, 23, 23, 23, 23, 23, 23, 23, 23, 23, 23, 23, 23, 23, 23, 23, 23, 23, 23, 23, 23, 22, 23, 23, 23, 22, 23, 23, 23, 23, 23, 22, 23, 23, 23, 23, 23, 23, 23, 23, 23, 23, 23, 23, 23, 23, 23, 23, 23, 23, 23, 23, 23, 23, 23, 23, 22, 23, 23, 23, 23, 23, 22, 23, 23, 23, 23, 23, 23, 23, 22, 23, 23, 23, 22, 23, 22, 23, 22, 23, 23, 22, 23, 23, 23, 23, 22, 23, 23, 23, 23, 23, 22, 22, 23, 23, 23, 22, 23, 22, 23, 22, 23, 22, 23, 23, 23, 22, 23, 22, 23, 23, 22, 23, 23, 23, 23, 23, 23, 23, 23, 22, 23, 23, 23, 23, 23]
Mins:[16, 16, 16, 17, 16, 16, 17, 16, 16, 16, 17, 17, 17, 18, 16, 17, 16, 16, 16, 18, 15, 14, 17, 16, 18, 15, 15, 17, 18, 16, 17, 16, 17, 16, 18, 16, 15, 17, 15, 15, 17, 15, 18, 15, 17, 16, 17, 16, 18, 16, 17, 16, 18, 14, 17, 17, 17, 18, 15, 18, 16, 18, 15, 18, 15, 18, 16, 18, 15, 17, 15, 18, 15, 18, 15, 18, 16, 18, 16, 19, 15, 17, 15, 18, 16, 18, 16, 18, 16, 19, 16, 18, 16, 17, 15, 18, 15, 18, 15, 18, 16, 18, 15, 18, 15, 18, 16, 17, 15, 15, 18, 15, 18, 15, 18, 16, 18, 16, 18, 15, 18, 16, 18, 15, 18, 16, 18, 15, 18, 16, 18, 15, 17, 15, 18, 15, 18, 16, 15, 16, 16, 18, 15, 19, 15, 17, 15, 18, 16, 18, 15, 18, 15, 17, 16, 18, 16, 18, 16, 17, 16, 17, 16, 17, 17, 16, 17, 16, 18, 15, 17, 16, 18, 18, 15, 15, 18, 15, 18, 15, 17, 16, 19, 15, 18, 15, 17, 15, 19, 14, 18, 16, 18, 16, 19, 17, 15, 18, 18, 16, 16, 15, 18, 16, 17, 15, 18, 19, 15, 18, 16, 18, 15, 17, 15, 18, 15, 18, 15, 18, 15, 18, 15, 18, 15, 18, 16, 18, 16, 17, 16, 18, 16, 15, 17, 16, 17, 16, 17, 16, 15, 17, 15, 18, 16, 18, 18, 15, 16, 18, 15, 16, 17, 15, 18, 16, 18, 15, 18, 15, 17, 16, 17, 18, 17, 16, 17, 16, 17, 16, 16, 17, 18, 16, 17, 17, 18, 17, 16, 18, 15, 18, 15, 17, 16, 15, 18, 18, 15, 19, 14, 16, 18, 16, 19, 15, 17, 15, 18, 16, 18, 16, 18, 14, 19, 15, 18, 16, 17, 15, 18, 15, 19, 15, 18, 16, 18, 16, 17, 15, 18, 17, 15, 18, 15, 18, 15, 15, 18, 16, 18, 16, 17, 16, 18, 16, 18, 15, 18, 16, 17, 16, 18, 16, 18, 15, 17, 16, 18, 16, 18, 15, 18, 16, 16, 16, 18, 15, 19, 16, 17, 15, 17, 16, 18, 16, 18, 15, 17, 16, 18, 16, 18, 16, 17, 16, 17, 17, 17, 16, 17, 16, 17, 16, 17, 17, 18, 16, 17, 17, 18, 16, 17, 16, 18, 17, 17, 16, 17, 17, 17, 17, 18, 16, 18, 16, 17, 17, 16, 18, 15, 17, 15, 18, 15, 19, 16, 17, 19, 15, 18, 15, 17, 15, 15, 18, 15, 18, 16, 18, 16, 17, 16, 18, 15, 17, 15, 17, 15, 18, 15, 18, 15, 17, 16, 18, 16, 17, 15, 18, 15, 18, 16, 17, 15, 17, 16, 18, 16, 17, 16, 17, 15, 18, 18, 16, 17, 16, 17, 16, 19, 16, 17, 15, 17, 16, 18, 16, 18, 15, 17, 17, 18, 16, 17, 17, 17, 16, 18, 17, 17, 16, 17, 17, 17, 16, 17, 17, 18, 16, 17, 17, 16, 17, 18, 16, 17, 16, 18, 17, 17, 17, 17, 16, 16, 17, 17, 18, 16, 17, 17, 17, 17, 16, 16, 17, 17, 18, 17, 17, 16, 17, 18, 16, 17, 15, 18, 15, 18, 15, 18, 18, 16, 17, 16, 18, 15, 17]

./youtube_vids/crowd_talking2.mp4.wav
Maxs:[52, 44, 44, 44, 43, 44, 43, 43, 42, 43, 43, 44, 43, 44, 46, 43, 46, 43, 42, 44, 45, 43, 42, 44, 43, 42, 43, 42, 42, 43, 44, 44, 47, 42, 42, 43, 42, 43, 43, 45, 41, 42, 42, 44, 43, 42, 44, 45, 50, 44, 47, 43, 43, 44, 42, 43, 43, 44]
Means:[38, 36, 37, 36, 36, 37, 36, 36, 36, 37, 36, 36, 36, 36, 37, 37, 37, 36, 37, 37, 37, 36, 36, 36, 36, 36, 36, 36, 36, 37, 36, 37, 37, 36, 36, 36, 37, 36, 36, 36, 36, 36, 36, 36, 36, 36, 37, 36, 37, 37, 37, 36, 37, 36, 37, 36, 36, 36]
Mins:[30, 31, 31, 27, 28, 30, 29, 26, 32, 30, 31, 25, 30, 31, 29, 31, 28, 24, 30, 31, 31, 28, 27, 31, 30, 32, 30, 31, 25, 30, 31, 31, 29, 25, 30, 29, 31, 28, 28, 29, 30, 27, 32, 29, 31, 25, 30, 30, 28, 29, 29, 25, 30, 29, 31, 28, 28, 29]

./youtube_vids/dog_barking.mp4.wav
Maxs:[52, 52, 52, 52, 51, 52, 53, 52, 54, 53, 52, 52, 53, 52, 52, 53, 52, 52, 52, 53, 53, 53, 52, 52, 52, 50, 51, 51, 50, 52, 52, 52, 53, 51, 53, 53, 53, 53, 53, 53, 53, 53, 52, 51, 53, 51, 51, 53, 52, 53, 52, 52, 52, 52, 53, 54, 55, 51, 53]
Means:[42, 40, 35, 40, 35, 39, 39, 39, 43, 40, 33, 39, 40, 37, 37, 40, 34, 38, 41, 39, 39, 36, 36, 37, 38, 39, 38, 39, 33, 42, 39, 36, 41, 35, 36, 40, 38, 43, 39, 38, 34, 42, 38, 38, 40, 37, 34, 41, 39, 40, 38, 36, 35, 40, 38, 43, 41, 35, 34]
Mins:[20, 18, 15, 21, 16, 17, 16, 14, 17, 17, 11, 14, 18, 16, 11, 16, 18, 13, 19, 22, 17, 16, 15, 12, 15, 19, 14, 15, 12, 20, 13, 15, 23, 17, 17, 18, 16, 18, 16, 18, 11, 20, 19, 11, 12, 17, 15, 18, 18, 17, 13, 16, 12, 17, 16, 17, 13, 13, 13]

./youtube_vids/dog_barking2.mp4.wav
Maxs:[54, 53, 53, 54, 53, 52, 53, 53, 53, 53, 53, 53, 53, 52, 53, 53, 52, 54, 52, 53, 53, 53, 53, 53, 53, 53, 52, 53, 53, 53, 52, 52, 53, 53, 53, 54, 53, 53, 54, 53, 53, 54, 53, 53, 53, 54, 53, 54, 53, 53, 53, 53, 54, 52, 53, 53, 54, 53]
Means:[43, 44, 44, 44, 43, 44, 44, 44, 44, 43, 44, 42, 43, 44, 44, 43, 43, 44, 43, 44, 43, 44, 44, 43, 45, 44, 44, 42, 44, 43, 43, 44, 44, 44, 42, 44, 45, 45, 44, 42, 45, 42, 44, 44, 43, 44, 43, 44, 43, 44, 43, 45, 43, 42, 44, 44, 44, 42]
Mins:[20, 23, 21, 18, 17, 17, 20, 23, 21, 20, 17, 19, 23, 24, 21, 15, 19, 20, 22, 23, 17, 16, 17, 20, 22, 22, 23, 18, 18, 19, 21, 19, 22, 18, 18, 18, 22, 20, 18, 18, 19, 18, 22, 21, 18, 17, 18, 21, 19, 21, 19, 20, 17, 19, 23, 24, 18, 15]

./youtube_vids/dog_barking3.mp4.wav
Maxs:[53, 53, 53, 53, 53, 53, 53, 53, 52, 54, 53, 53, 53, 52, 52, 53, 53, 54, 53, 53, 53, 53, 53, 53, 53, 54, 53, 53, 53, 53, 53, 53, 53, 52, 54, 53, 54, 54, 53, 53, 53, 53, 54, 53, 53, 53, 54, 53, 52, 53, 52, 53, 53, 54, 52, 53, 53, 53, 53]
Means:[45, 42, 45, 41, 45, 42, 45, 42, 45, 41, 45, 41, 46, 42, 45, 41, 46, 42, 45, 42, 45, 42, 46, 42, 46, 42, 45, 41, 45, 41, 45, 42, 45, 42, 46, 42, 45, 42, 45, 41, 42, 46, 42, 46, 42, 45, 42, 45, 41, 45, 42, 45, 42, 46, 41, 45, 41, 46, 42]
Mins:[21, 20, 21, 20, 21, 19, 21, 20, 21, 20, 21, 19, 21, 20, 21, 20, 22, 19, 21, 20, 21, 20, 22, 20, 21, 21, 21, 21, 21, 20, 21, 21, 21, 21, 22, 20, 21, 21, 21, 21, 20, 21, 21, 21, 21, 22, 20, 21, 20, 21, 21, 22, 21, 22, 21, 21, 22, 22, 21]

./youtube_vids/eating.mp4.wav
Maxs:[52, 52, 52, 51, 52, 52, 53, 52, 52, 52, 51, 52, 52, 52, 52, 52, 53, 52, 52, 52, 51, 51, 51, 53, 52, 53, 52, 52, 51, 52, 51, 53, 52, 51, 51, 52, 52, 52, 51, 52, 52, 52, 51, 52, 52, 51, 53, 52, 52, 52, 52, 53, 51, 53, 52, 52, 52, 52]
Means:[48, 47, 48, 47, 47, 47, 48, 48, 49, 48, 47, 48, 48, 44, 48, 47, 48, 48, 47, 48, 48, 48, 48, 48, 46, 48, 48, 48, 48, 48, 48, 44, 48, 48, 48, 48, 48, 48, 47, 46, 47, 47, 47, 48, 47, 48, 48, 48, 48, 47, 46, 46, 47, 48, 48, 48, 48, 48]
Mins:[38, 29, 42, 41, 26, 37, 41, 43, 44, 41, 42, 39, 41, 26, 42, 34, 42, 44, 28, 46, 38, 42, 44, 40, 38, 43, 40, 40, 38, 42, 45, 28, 44, 43, 45, 37, 39, 37, 36, 23, 42, 32, 39, 36, 37, 36, 44, 41, 35, 41, 33, 28, 36, 38, 45, 37, 41, 33]

./youtube_vids/keyboard2.mp4.wav
Maxs:[52, 51, 52, 53, 52, 52, 52, 51, 53, 52, 52, 52, 52, 53, 52, 52, 52, 52, 53, 51, 51, 51, 52, 52, 52, 52, 52, 52, 53, 52, 51, 52, 52, 51, 52, 53, 51, 53, 52, 52, 51, 52, 52, 53, 52, 51, 53, 51, 52, 52, 52, 52, 52, 52, 52, 52, 51, 52]
Means:[44, 44, 44, 44, 44, 45, 45, 45, 44, 45, 45, 45, 45, 44, 44, 44, 44, 45, 44, 45, 46, 44, 44, 47, 44, 45, 44, 45, 46, 45, 45, 45, 45, 45, 44, 45, 45, 45, 44, 44, 45, 45, 46, 45, 44, 44, 44, 45, 45, 45, 46, 45, 45, 44, 44, 45, 45, 45]
Mins:[33, 34, 33, 32, 33, 33, 34, 35, 32, 36, 33, 35, 34, 29, 35, 33, 31, 35, 33, 38, 36, 33, 33, 36, 30, 36, 30, 34, 38, 33, 34, 33, 35, 34, 29, 34, 33, 33, 29, 35, 35, 34, 37, 34, 33, 34, 33, 34, 29, 35, 34, 33, 32, 34, 28, 33, 33, 34]

./youtube_vids/key_board3.mp4.wav
Maxs:[51, 52, 51, 52, 51, 52, 52, 52, 51, 49, 52, 51, 52, 51, 51, 51, 50, 51, 51, 52, 51, 51, 52, 51, 52, 51, 51, 51, 51, 51, 52, 51, 52, 52, 51, 51, 51, 53, 51, 52, 51, 50, 50, 50, 51, 50, 51, 51, 50, 51, 51, 52, 52, 51, 50, 51, 50, 50, 52, 51]
Means:[46, 47, 47, 47, 47, 47, 47, 47, 46, 46, 46, 46, 46, 46, 47, 46, 46, 47, 47, 47, 47, 47, 47, 47, 47, 46, 46, 46, 46, 46, 46, 47, 46, 46, 47, 48, 47, 47, 47, 47, 46, 46, 46, 46, 45, 46, 47, 47, 46, 47, 47, 47, 47, 47, 47, 47, 46, 46, 46, 46]
Mins:[25, 43, 43, 43, 43, 41, 43, 40, 39, 42, 40, 38, 41, 42, 43, 38, 35, 39, 43, 44, 40, 43, 40, 40, 43, 37, 40, 40, 40, 41, 41, 42, 42, 39, 42, 40, 40, 42, 41, 40, 41, 39, 39, 40, 39, 41, 42, 40, 39, 40, 40, 39, 43, 43, 45, 40, 42, 41, 41, 39]

./youtube_vids/keyboard4.mp4.wav 50 cm
Maxs:[49, 49, 49, 48, 48, 49, 48, 48, 48, 50, 52, 52, 51, 52, 52, 48, 48, 48, 49, 49, 48, 48, 49, 48, 48, 49, 48, 49, 51, 52, 52, 51, 51, 50, 49, 49, 49, 47, 48, 47, 48, 48, 47, 48, 49, 50, 49, 50, 51, 51, 52, 53, 51, 49, 49, 50, 48, 49, 48, 48]
Means:[44, 44, 44, 44, 44, 44, 44, 44, 44, 45, 48, 48, 48, 48, 46, 44, 44, 44, 44, 44, 44, 44, 44, 43, 44, 44, 45, 44, 47, 48, 47, 48, 48, 45, 44, 44, 44, 44, 44, 43, 43, 44, 43, 43, 44, 44, 44, 46, 47, 48, 48, 48, 47, 44, 44, 44, 44, 44, 44, 44]
Mins:[39, 39, 40, 41, 41, 39, 39, 41, 41, 37, 45, 44, 44, 44, 40, 41, 40, 38, 40, 41, 41, 40, 40, 40, 40, 41, 41, 40, 41, 43, 44, 45, 43, 40, 40, 42, 41, 40, 41, 40, 40, 40, 39, 38, 40, 41, 40, 40, 45, 44, 45, 43, 42, 40, 41, 40, 38, 41, 40, 40]


./youtube_vids/punk_music.mp4.wav
Maxs:[48, 33, 52, 30, 33, 51, 31, 50, 47, 50, 49, 51, 31, 36, 52, 37, 35, 52, 36, 51, 36, 50, 39, 38, 51, 49, 40, 53, 37, 39, 53, 48, 52, 32, 53, 43, 52, 52, 52, 38, 51, 43, 37, 38, 47, 35, 38, 53, 34, 34, 52, 42, 51, 42, 48, 31, 36, 51]
Means:[31, 29, 31, 25, 25, 26, 28, 30, 29, 29, 29, 31, 25, 26, 33, 29, 30, 31, 29, 29, 29, 35, 31, 33, 31, 28, 27, 31, 31, 30, 32, 31, 30, 27, 31, 29, 29, 29, 28, 27, 27, 31, 28, 29, 31, 28, 28, 35, 28, 28, 30, 31, 32, 31, 31, 26, 26, 30]
Mins:[26, 25, 23, 18, 19, 19, 23, 24, 22, 20, 22, 21, 19, 17, 19, 22, 24, 24, 25, 24, 25, 26, 25, 25, 23, 24, 21, 23, 25, 25, 24, 25, 24, 23, 22, 23, 22, 19, 22, 19, 19, 20, 20, 20, 20, 20, 18, 26, 16, 15, 19, 25, 23, 21, 23, 20, 20, 20]

./youtube_vids/punk_music2.mp4.wav
Maxs:[51, 51, 52, 52, 53, 52, 51, 52, 51, 52, 53, 53, 52, 52, 52, 52, 52, 52, 52, 51, 52, 53, 53, 53, 52, 52, 53, 53, 52, 52, 53, 52, 53, 53, 52, 52, 52, 53, 52, 53, 53, 52, 53, 53, 52, 52, 52, 52, 52, 52, 52, 52, 52, 52, 52, 53, 53, 51, 51]
Means:[48, 49, 49, 48, 49, 48, 49, 49, 49, 49, 49, 49, 49, 49, 49, 49, 49, 49, 49, 49, 49, 49, 49, 49, 49, 49, 50, 49, 49, 49, 49, 49, 49, 49, 49, 49, 49, 49, 49, 49, 49, 49, 49, 48, 49, 49, 49, 49, 49, 49, 49, 49, 49, 49, 49, 49, 49, 48, 48]
Mins:[45, 45, 45, 44, 45, 43, 46, 47, 46, 45, 46, 46, 45, 45, 43, 46, 47, 46, 46, 45, 46, 46, 47, 46, 46, 46, 46, 46, 46, 47, 45, 47, 46, 45, 47, 45, 46, 46, 46, 46, 46, 47, 46, 46, 46, 45, 46, 46, 46, 47, 46, 46, 47, 45, 46, 46, 46, 46, 46]

./youtube_vids/punk_music3.mp4.wav
Maxs:[50, 38, 41, 38, 45, 44, 42, 38, 46, 43, 44, 51, 46, 50, 47, 45, 42, 49, 45, 44, 49, 52, 43, 46, 48, 50, 43, 51, 47, 48, 49, 46, 49, 43, 43, 41, 49, 48, 48, 48, 48, 43, 51, 49, 37, 46, 46, 44, 45, 44, 47, 46, 45, 41, 39, 49, 43, 47, 46]
Means:[40, 34, 34, 32, 31, 35, 35, 34, 37, 37, 37, 37, 36, 36, 37, 36, 35, 37, 37, 36, 37, 36, 35, 35, 35, 35, 34, 35, 34, 34, 33, 31, 35, 31, 34, 33, 33, 33, 37, 38, 40, 35, 35, 34, 32, 34, 35, 32, 31, 36, 35, 35, 34, 33, 33, 35, 35, 35, 35]
Mins:[30, 28, 30, 28, 27, 28, 29, 27, 27, 31, 32, 29, 28, 28, 31, 33, 29, 32, 28, 31, 27, 27, 29, 27, 29, 27, 27, 25, 28, 24, 25, 27, 25, 25, 25, 25, 25, 26, 29, 26, 31, 27, 25, 28, 26, 25, 24, 26, 23, 27, 28, 29, 28, 27, 26, 29, 25, 24, 23]
