./youtube_vids/cleaning2.mp4.wav
Maxs:[49, 37, 43, 32, 34, 32, 33, 33, 33, 32, 32, 34, 32, 32, 32, 33, 34, 33, 34, 33, 33, 32, 32, 32, 33, 31, 33, 32, 33, 33, 32, 33, 33, 35, 33, 33, 32, 34, 32, 31, 34, 32, 33, 32, 34, 33, 33, 33, 31, 33, 32, 33, 34, 33, 34, 32, 34, 33, 34]
Means:[29, 29, 31, 28, 29, 28, 29, 28, 29, 29, 28, 29, 28, 29, 28, 28, 28, 28, 29, 28, 29, 28, 28, 28, 28, 28, 29, 28, 29, 28, 29, 28, 28, 29, 28, 29, 28, 28, 28, 28, 29, 28, 28, 28, 28, 28, 28, 29, 28, 29, 28, 28, 28, 28, 29, 28, 29, 28, 29]
Mins:[24, 25, 26, 23, 26, 23, 23, 21, 23, 24, 23, 25, 23, 24, 23, 24, 23, 24, 24, 24, 22, 24, 23, 24, 23, 23, 23, 24, 24, 21, 23, 25, 23, 26, 24, 22, 21, 23, 24, 25, 25, 23, 23, 23, 23, 24, 23, 25, 24, 24, 25, 24, 22, 25, 20, 24, 24, 23, 24]

./youtube_vids/cleaning3.mp4.wav
Maxs:[50, 35, 37, 35, 33, 34, 33, 33, 32, 32, 35, 33, 35, 33, 33, 33, 33, 34, 32, 33, 33, 33, 32, 33, 33, 33, 32, 34, 33, 32, 33, 32, 32, 33, 33, 32, 36, 33, 33, 32, 33, 33, 33, 33, 33, 33, 33, 33, 32, 34, 33, 34, 36, 33, 33, 32, 33, 34, 33, 34]
Means:[32, 29, 31, 29, 30, 29, 29, 29, 29, 29, 29, 30, 29, 29, 29, 29, 29, 29, 29, 29, 29, 29, 29, 29, 28, 29, 29, 30, 29, 29, 29, 29, 29, 29, 29, 29, 30, 29, 29, 29, 29, 29, 29, 29, 29, 29, 29, 29, 29, 29, 29, 29, 30, 30, 29, 29, 29, 29, 30, 29]
Mins:[26, 26, 26, 27, 26, 26, 26, 25, 26, 27, 26, 27, 27, 26, 26, 26, 24, 24, 26, 25, 25, 26, 26, 26, 25, 26, 25, 27, 25, 26, 24, 26, 23, 25, 26, 27, 27, 27, 25, 27, 26, 24, 26, 26, 26, 26, 27, 26, 25, 26, 24, 25, 26, 26, 26, 26, 26, 25, 25, 24]

./youtube_vids/cleaning4.mp4.wav
Maxs:[48, 32, 32, 32, 32, 33, 32, 31, 33, 33, 33, 32, 32, 32, 33, 32, 32, 32, 32, 33, 32, 32, 32, 33, 33, 32, 31, 31, 33, 32, 32, 32, 32, 32, 32, 32, 32, 33, 33, 32, 32, 32, 33, 33, 32, 32, 33, 32, 32, 32, 33, 32, 32, 32, 33, 32, 33, 32, 32]
Means:[27, 27, 26, 26, 26, 28, 26, 25, 27, 26, 27, 26, 25, 27, 27, 27, 26, 27, 26, 28, 26, 26, 27, 27, 27, 26, 26, 26, 27, 27, 26, 27, 26, 28, 26, 25, 27, 27, 27, 26, 26, 26, 28, 26, 25, 27, 26, 27, 27, 25, 27, 27, 27, 26, 27, 26, 28, 26, 25]
Mins:[17, 21, 17, 21, 20, 23, 22, 20, 21, 19, 19, 20, 15, 20, 20, 19, 17, 21, 22, 22, 19, 18, 21, 22, 21, 19, 20, 22, 20, 19, 20, 18, 21, 22, 20, 18, 19, 21, 19, 21, 16, 17, 23, 19, 18, 21, 19, 21, 21, 19, 21, 21, 22, 21, 21, 19, 22, 18, 17]

./youtube_vids/cooking_11-22.mp4.wav
Maxs:[52, 51, 50, 51, 51, 51, 50, 50, 51, 51, 50, 51, 50, 50, 50, 51, 50, 51, 51, 50, 51, 51, 51, 52, 50, 50, 50, 50, 50, 51, 50, 51, 50, 50, 51, 51, 52, 51, 51, 50, 51, 51, 51, 51, 51, 50, 51, 51, 51, 50, 51, 50, 50, 51, 50, 51, 50, 51, 51]
Means:[46, 47, 46, 47, 47, 47, 46, 46, 46, 46, 47, 45, 46, 46, 46, 47, 47, 46, 45, 46, 47, 47, 47, 46, 46, 46, 46, 46, 47, 46, 47, 46, 47, 47, 46, 47, 48, 47, 46, 47, 46, 47, 47, 47, 46, 47, 47, 47, 46, 47, 47, 47, 47, 46, 45, 47, 46, 47, 46]
Mins:[26, 40, 38, 40, 42, 43, 34, 38, 39, 31, 44, 35, 36, 41, 37, 45, 44, 31, 31, 28, 39, 35, 43, 31, 30, 35, 41, 39, 43, 31, 44, 21, 31, 33, 39, 40, 45, 41, 36, 43, 41, 44, 42, 40, 33, 39, 26, 32, 28, 29, 44, 44, 44, 28, 31, 33, 32, 45, 31]

./youtube_vids/cooking2.mp4.wav
Maxs:[52, 52, 51, 52, 52, 51, 51, 51, 52, 51, 51, 52, 51, 50, 51, 51, 52, 52, 51, 52, 51, 52, 51, 53, 54, 52, 52, 51, 51, 53, 52, 53, 53, 52, 51, 51, 51, 52, 54, 51, 52, 51, 52, 52, 52, 52, 52, 52, 52, 52, 51, 52, 52, 52, 52, 51, 51, 52, 51, 52]
Means:[48, 48, 47, 47, 48, 47, 47, 46, 46, 46, 47, 45, 47, 47, 47, 48, 48, 47, 46, 46, 47, 47, 48, 47, 48, 47, 47, 46, 48, 48, 48, 47, 48, 48, 48, 48, 48, 48, 47, 47, 47, 48, 47, 47, 46, 47, 47, 47, 46, 47, 47, 47, 48, 48, 47, 47, 47, 47, 47, 47]
Mins:[43, 37, 36, 37, 45, 44, 38, 31, 38, 34, 30, 31, 39, 40, 32, 45, 45, 27, 29, 33, 31, 35, 40, 27, 32, 39, 27, 39, 45, 38, 32, 25, 24, 29, 44, 44, 44, 42, 39, 43, 30, 45, 37, 34, 38, 27, 33, 30, 32, 36, 43, 41, 43, 45, 27, 31, 28, 35, 24, 27]

./youtube_vids/crowd_talking2.mp4.wav
Maxs:[49, 44, 43, 46, 42, 43, 43, 46, 44, 44, 47, 42, 43, 42, 42, 44, 43, 44, 41, 43, 42, 43, 42, 42, 44, 44, 44, 43, 49, 42, 43, 42, 42, 44, 44, 45, 41, 42, 43, 44, 43, 43, 44, 46, 44, 43, 48, 42, 44, 42, 42, 44, 44, 45, 41, 42, 42, 44, 42, 42]
Means:[38, 37, 36, 37, 36, 36, 36, 36, 37, 37, 37, 36, 37, 36, 37, 36, 37, 36, 36, 36, 36, 36, 36, 36, 36, 36, 37, 37, 37, 36, 36, 36, 36, 36, 37, 36, 36, 36, 36, 36, 36, 36, 37, 36, 37, 37, 37, 36, 37, 36, 36, 36, 37, 36, 36, 36, 36, 36, 36, 36]
Mins:[29, 27, 30, 29, 29, 30, 32, 29, 29, 27, 30, 29, 30, 28, 32, 29, 30, 29, 28, 27, 30, 28, 29, 30, 31, 29, 30, 28, 30, 28, 30, 28, 32, 29, 30, 29, 29, 27, 30, 28, 30, 30, 32, 29, 29, 28, 30, 30, 31, 29, 32, 29, 30, 25, 28, 27, 30, 29, 27, 29]

./youtube_vids/dog_barking2.mp4.wav
Maxs:[52, 52, 53, 52, 53, 54, 53, 53, 52, 53, 53, 53, 53, 52, 54, 53, 52, 52, 52, 53, 52, 53, 52, 52, 52, 52, 52, 52, 53, 53, 52, 53, 52, 53, 52, 52, 52, 52, 52, 52, 52, 52, 53, 52, 52, 53, 52, 53, 52, 52, 53, 54, 54, 53, 52, 53, 53, 53, 52, 52]
Means:[45, 43, 42, 44, 43, 44, 43, 42, 43, 42, 43, 42, 43, 42, 43, 45, 43, 44, 43, 43, 41, 43, 43, 43, 43, 42, 44, 42, 44, 42, 44, 44, 41, 44, 43, 44, 43, 42, 43, 42, 44, 41, 44, 41, 43, 44, 44, 44, 43, 43, 42, 43, 43, 44, 43, 41, 44, 43, 45, 43]
Mins:[19, 16, 16, 21, 22, 22, 18, 19, 18, 20, 21, 21, 15, 16, 21, 22, 21, 17, 18, 19, 19, 23, 21, 16, 17, 18, 22, 20, 23, 16, 18, 18, 18, 22, 23, 15, 19, 19, 17, 22, 21, 19, 16, 17, 21, 22, 22, 18, 19, 17, 19, 21, 21, 18, 15, 16, 20, 20, 25, 18]

./youtube_vids/dog_barking3.mp4.wav
Maxs:[52, 53, 52, 53, 52, 53, 53, 52, 53, 53, 53, 52, 53, 53, 53, 53, 53, 52, 52, 52, 54, 52, 53, 52, 53, 52, 53, 52, 52, 52, 54, 53, 52, 53, 53, 53, 53, 52, 52, 52, 52, 53, 53, 52, 52, 53, 52, 54, 52, 53, 53, 53, 53, 53, 53, 53, 53, 52]
Means:[45, 41, 45, 41, 45, 41, 41, 45, 41, 45, 41, 45, 41, 45, 41, 46, 41, 45, 41, 45, 41, 45, 41, 45, 41, 45, 41, 45, 41, 45, 41, 45, 41, 45, 41, 45, 41, 45, 41, 45, 42, 45, 41, 46, 41, 46, 45, 42, 45, 41, 45, 41, 45, 41, 45, 41, 46, 41]
Mins:[23, 22, 23, 21, 22, 21, 22, 23, 21, 22, 21, 23, 22, 23, 21, 22, 22, 23, 22, 23, 22, 23, 22, 23, 22, 22, 22, 22, 22, 22, 22, 22, 22, 22, 22, 22, 22, 23, 22, 23, 22, 22, 22, 22, 22, 23, 23, 23, 23, 23, 23, 23, 23, 23, 22, 23, 22, 23]

./youtube_vids/keyboard2.mp4.wav
Maxs:[52, 51, 51, 52, 51, 51, 51, 53, 52, 52, 52, 53, 51, 52, 51, 51, 52, 51, 51, 51, 51, 50, 51, 51, 52, 52, 52, 52, 53, 50, 51, 51, 51, 52, 51, 52, 52, 51, 52, 51, 54, 51, 52, 52, 50, 51, 52, 51, 52, 52, 52, 52, 52, 52, 50, 52, 51, 51, 52, 51]
Means:[43, 42, 43, 43, 42, 43, 44, 45, 43, 44, 43, 43, 43, 45, 44, 43, 42, 43, 43, 43, 43, 43, 44, 44, 44, 44, 43, 43, 43, 43, 44, 44, 45, 44, 44, 43, 45, 43, 43, 43, 43, 42, 43, 44, 43, 44, 45, 44, 42, 44, 44, 44, 44, 44, 44, 44, 43, 43, 44, 44]
Mins:[32, 27, 32, 29, 30, 34, 31, 36, 28, 31, 30, 36, 34, 33, 31, 32, 27, 29, 32, 33, 30, 32, 32, 34, 32, 31, 32, 31, 27, 34, 34, 31, 35, 34, 32, 30, 31, 27, 32, 33, 29, 31, 31, 34, 33, 34, 37, 33, 32, 31, 29, 34, 32, 30, 32, 31, 30, 31, 31, 28]

./youtube_vids/key_board3.mp4.wav
Maxs:[51, 50, 50, 51, 50, 50, 50, 50, 50, 49, 50, 50, 51, 52, 51, 51, 51, 51, 51, 51, 51, 50, 52, 51, 49, 50, 49, 50, 49, 51, 50, 50, 50, 50, 50, 50, 51, 50, 49, 50, 50, 51, 51, 51, 49, 50, 50, 49, 49, 50, 50, 50, 50, 50, 50, 50, 49, 52]
Means:[45, 45, 45, 46, 45, 45, 45, 46, 44, 44, 44, 44, 44, 46, 45, 44, 45, 46, 46, 47, 46, 46, 46, 45, 44, 44, 44, 44, 44, 45, 45, 45, 45, 45, 46, 45, 45, 46, 46, 45, 44, 45, 45, 45, 44, 45, 45, 44, 44, 46, 45, 46, 46, 45, 45, 44, 45, 44]
Mins:[41, 39, 37, 40, 38, 39, 36, 38, 35, 39, 34, 34, 38, 39, 35, 38, 40, 41, 41, 38, 42, 40, 40, 37, 38, 37, 38, 37, 38, 39, 40, 36, 41, 38, 41, 36, 36, 39, 41, 36, 37, 38, 40, 39, 37, 39, 39, 37, 38, 38, 38, 40, 38, 33, 37, 34, 40, 35]

./youtube_vids/keyboard4.mp4.wav 25 cm
Maxs:[50, 48, 48, 48, 48, 48, 48, 49, 48, 48, 48, 49, 51, 50, 50, 50, 50, 50, 49, 48, 48, 48, 49, 49, 48, 48, 48, 47, 48, 48, 49, 50, 51, 50, 50, 49, 48, 47, 49, 48, 48, 47, 47, 47, 49, 49, 49, 48, 48, 50, 50, 51, 49, 51, 48, 49, 49, 47, 48]
Means:[45, 44, 44, 44, 44, 44, 44, 44, 44, 44, 44, 44, 45, 46, 46, 46, 46, 44, 44, 44, 43, 44, 44, 43, 44, 44, 44, 41, 44, 44, 45, 46, 46, 46, 46, 44, 44, 44, 43, 43, 43, 44, 43, 44, 44, 44, 44, 44, 44, 46, 46, 46, 46, 46, 42, 42, 43, 42, 43]
Mins:[33, 39, 40, 40, 40, 42, 41, 40, 41, 41, 41, 41, 41, 43, 41, 43, 42, 38, 40, 41, 39, 41, 41, 39, 40, 41, 40, 34, 37, 40, 36, 41, 41, 43, 40, 40, 41, 41, 40, 40, 40, 40, 38, 40, 41, 40, 40, 39, 40, 42, 42, 40, 44, 43, 40, 38, 39, 39, 39]

./youtube_vids/punk_music2.mp4.wav
Maxs:[52, 51, 51, 51, 51, 52, 51, 51, 51, 51, 51, 51, 51, 51, 51, 51, 51, 51, 51, 51, 51, 51, 51, 51, 50, 51, 51, 52, 50, 51, 51, 51, 52, 51, 52, 52, 52, 51, 51, 51, 52, 51, 52, 52, 51, 51, 52, 50, 50, 51, 50, 51, 51, 53, 52, 52, 51, 51, 51]
Means:[48, 48, 48, 46, 47, 48, 48, 47, 48, 48, 48, 48, 48, 47, 47, 47, 47, 48, 48, 47, 47, 47, 47, 47, 47, 48, 48, 48, 48, 48, 47, 47, 48, 48, 48, 48, 48, 48, 48, 47, 48, 48, 48, 48, 48, 48, 48, 47, 48, 47, 47, 48, 48, 48, 48, 48, 47, 47, 48]
Mins:[44, 44, 45, 41, 39, 45, 45, 43, 44, 45, 45, 42, 47, 45, 42, 44, 44, 44, 45, 45, 43, 44, 45, 44, 45, 44, 44, 45, 45, 45, 44, 44, 44, 45, 44, 44, 45, 44, 45, 43, 44, 46, 45, 44, 44, 45, 45, 45, 44, 44, 44, 45, 45, 43, 46, 42, 45, 45, 44]

./youtube_vids/punk_music3.mp4.wav
Maxs:[51, 38, 43, 35, 36, 47, 42, 37, 44, 43, 40, 48, 45, 39, 48, 49, 41, 38, 43, 41, 44, 49, 45, 44, 41, 46, 45, 46, 47, 42, 46, 51, 37, 47, 48, 44, 49, 48, 47, 46, 45, 39, 50, 38, 37, 44, 47, 40, 44, 45, 44, 44, 43, 42, 38, 48, 45, 44, 44]
Means:[38, 32, 32, 30, 30, 34, 35, 33, 35, 35, 34, 35, 35, 33, 35, 37, 34, 34, 35, 35, 35, 36, 35, 35, 34, 34, 34, 32, 35, 33, 33, 32, 31, 34, 31, 34, 33, 32, 36, 36, 39, 33, 34, 32, 31, 33, 35, 31, 30, 34, 36, 35, 32, 32, 32, 35, 33, 34, 35]
Mins:[28, 27, 26, 22, 26, 27, 29, 27, 30, 31, 31, 29, 27, 26, 26, 31, 26, 28, 29, 30, 29, 29, 25, 23, 25, 27, 28, 25, 25, 28, 24, 22, 23, 27, 24, 26, 24, 25, 28, 27, 30, 25, 26, 26, 25, 24, 28, 24, 24, 26, 30, 27, 27, 26, 23, 28, 28, 21, 23]

./youtube_vids/eating.mp4.wav
Maxs:[51, 51, 52, 51, 51, 52, 51, 51, 52, 51, 51, 53, 51, 52, 52, 53, 51, 51, 51, 51, 51, 51, 52, 51, 51, 51, 52, 51, 53, 52, 52, 52, 51, 51, 52, 51, 52, 52, 51, 52, 52, 51, 51, 51, 51, 51, 51, 51, 51, 51, 52, 51, 51, 51, 51, 51, 52, 52, 51]
Means:[46, 46, 47, 47, 47, 46, 47, 47, 48, 48, 48, 47, 47, 47, 44, 47, 47, 47, 47, 47, 47, 47, 48, 47, 45, 47, 47, 47, 48, 47, 47, 44, 48, 47, 48, 47, 47, 46, 46, 46, 47, 47, 47, 47, 47, 47, 47, 47, 47, 46, 47, 45, 44, 47, 47, 47, 47, 47, 48]
Mins:[35, 37, 33, 38, 38, 29, 37, 35, 40, 39, 39, 38, 38, 36, 27, 36, 42, 41, 37, 35, 39, 39, 42, 42, 33, 43, 41, 38, 46, 44, 31, 29, 44, 32, 45, 41, 37, 36, 40, 35, 41, 36, 41, 41, 41, 38, 41, 38, 32, 34, 41, 30, 31, 33, 37, 44, 40, 37, 40]

