./youtube_vids/dog_barking.mp4.wav
Maxs:[40, 40, 40, 40, 41, 40, 41, 40, 41, 39, 41, 42, 40, 40, 41, 41, 40, 41, 41, 41, 41, 40, 40, 41, 40, 39, 40, 40, 40, 40, 40, 40, 40, 40, 40, 42, 41, 41, 40, 41, 41, 40, 41, 40, 41, 41, 41, 40, 41, 40, 41, 39, 42, 41, 40]
Means:[34, 28, 31, 28, 28, 24, 29, 28, 30, 25, 23, 31, 28, 27, 28, 28, 25, 30, 28, 31, 30, 26, 24, 30, 27, 27, 28, 28, 24, 30, 28, 30, 27, 28, 27, 31, 27, 22, 29, 30, 28, 26, 28, 25, 27, 29, 32, 28, 25, 28, 29, 26, 27, 30, 24]
Mins:[13, 11, 7, 8, 8, 6, 7, 9, 9, 10, 6, 10, 8, 8, 9, 6, 5, 9, 5, 9, 9, 10, 5, 6, 6, 6, 7, 10, 5, 11, 10, 8, 10, 6, 8, 8, 8, 5, 5, 8, 6, 10, 8, 9, 8, 10, 8, 9, 5, 5, 7, 7, 7, 6, 6]

./youtube_vids/keyboard.mp4.wav
Maxs:[39, 38, 39, 39, 40, 40, 39, 38, 40, 39, 38, 39, 39, 38, 38, 39, 39, 39, 38, 39, 39, 39, 39, 40, 39, 39, 38, 38, 38, 39, 38, 38, 39, 38, 39, 39, 40, 39, 39, 39, 39, 40, 38, 39, 39, 40, 39, 39, 39, 40, 41, 41, 39, 39, 39, 39, 39, 39]
Means:[35, 35, 35, 36, 35, 35, 35, 35, 35, 35, 34, 35, 35, 34, 35, 35, 35, 35, 36, 36, 36, 36, 35, 36, 35, 35, 35, 35, 35, 35, 34, 35, 35, 35, 35, 36, 36, 36, 35, 36, 35, 35, 34, 35, 35, 35, 35, 35, 35, 36, 36, 36, 36, 35, 35, 35, 35, 35]
Mins:[25, 30, 31, 31, 29, 31, 27, 31, 30, 30, 29, 31, 28, 30, 31, 30, 30, 28, 33, 32, 28, 31, 31, 33, 28, 29, 32, 31, 28, 29, 29, 29, 33, 33, 31, 32, 32, 29, 33, 34, 31, 26, 29, 30, 31, 30, 30, 30, 32, 32, 31, 30, 33, 30, 30, 30, 30, 31]

./youtube_vids/punk_music.mp4.wav
Maxs:[40, 22, 24, 40, 20, 18, 39, 29, 39, 28, 25, 35, 36, 24, 41, 26, 33, 40, 41, 27, 25, 38, 30, 30, 41, 40, 30, 36, 26, 29, 41, 28, 28, 38, 40, 24, 24, 30, 39, 18, 40, 27, 23, 41, 32, 30, 39, 23, 25, 40, 25, 24, 23, 39, 31, 38, 30, 38, 38, 38]
Means:[28, 18, 18, 17, 14, 14, 17, 18, 19, 19, 19, 19, 16, 15, 19, 20, 19, 19, 19, 16, 18, 21, 22, 22, 22, 16, 15, 18, 21, 20, 22, 19, 19, 17, 19, 18, 18, 17, 21, 15, 22, 15, 15, 20, 18, 17, 22, 18, 18, 22, 17, 17, 17, 21, 19, 21, 19, 17, 15, 16]
Mins:[18, 13, 11, 8, 7, 7, 9, 14, 14, 13, 12, 12, 8, 10, 8, 13, 12, 14, 13, 9, 11, 13, 18, 18, 10, 11, 11, 11, 15, 13, 15, 15, 13, 11, 12, 14, 11, 13, 9, 10, 10, 9, 10, 10, 9, 11, 11, 9, 13, 11, 6, 7, 6, 6, 15, 13, 12, 11, 10, 8]

./youtube_vids/vaccume.mp4.wav
Maxs:[40, 16, 16, 16, 16, 16, 16, 16, 16, 16, 16, 16, 16, 16, 16, 16, 16, 16, 16, 16, 16, 16, 16, 16, 16, 16, 16, 16, 16, 16, 16, 16, 16, 16, 16, 16, 16, 16, 16, 16, 16, 16, 16, 16, 16, 16, 16, 16, 16, 16, 16, 16, 16, 16, 16, 16, 16]
Means:[25, 14, 14, 14, 14, 14, 14, 14, 14, 14, 14, 14, 14, 14, 14, 14, 14, 14, 14, 14, 14, 14, 14, 14, 14, 14, 14, 14, 14, 14, 14, 14, 14, 14, 14, 14, 14, 14, 14, 14, 14, 14, 14, 14, 14, 14, 14, 14, 14, 14, 14, 14, 14, 14, 14, 14, 14]
Mins:[14, 13, 13, 13, 14, 13, 13, 14, 13, 13, 14, 13, 13, 13, 13, 13, 13, 13, 13, 13, 13, 13, 13, 13, 13, 13, 13, 13, 13, 13, 13, 13, 13, 13, 14, 14, 13, 14, 13, 13, 14, 13, 13, 13, 13, 13, 13, 14, 14, 13, 14, 13, 13, 13, 13, 14, 13]

./youtube_vids/classical_music.mp4.wav
Maxs:[40, 34, 39, 37, 39, 38, 36, 38, 36, 39, 39, 39, 38, 37, 36, 38, 34, 37, 39, 36, 36, 37, 37, 37, 37, 36, 37, 37, 35, 34, 34, 37, 35, 35, 34, 37, 35, 34, 39, 38, 33, 37, 35, 37, 39, 38, 39, 38, 37, 39, 39, 31, 31, 38, 34, 28, 40, 39, 29, 29, 30, 31, 38, 39, 34, 36, 38, 33, 41, 30, 32, 38, 41, 41, 39, 31, 35, 31, 32, 28, 33, 38, 36, 29, 32, 40, 33, 31, 39, 37, 39, 37, 35, 37, 39, 40, 38, 38, 40, 39, 37, 38, 38, 39, 39, 38, 38, 35, 39, 31, 33, 29, 30, 36, 35, 39, 34, 38, 35, 32, 38, 38, 34, 32, 37, 36, 37, 30, 39, 39, 37, 35, 40, 38, 37, 38, 39, 39, 38, 33, 36, 37, 37, 36, 37, 37, 38, 38]
Means:[29, 25, 25, 26, 28, 26, 29, 32, 28, 28, 27, 24, 25, 26, 25, 26, 27, 28, 25, 27, 32, 32, 32, 32, 32, 31, 32, 32, 25, 24, 25, 23, 26, 23, 25, 27, 24, 25, 25, 26, 27, 27, 26, 25, 29, 26, 30, 27, 30, 27, 33, 23, 23, 27, 23, 23, 21, 22, 21, 19, 19, 21, 22, 24, 22, 24, 22, 20, 20, 21, 25, 23, 19, 22, 22, 23, 26, 23, 23, 21, 23, 22, 22, 20, 22, 27, 25, 25, 25, 28, 26, 28, 26, 27, 29, 28, 32, 34, 32, 32, 29, 28, 29, 33, 32, 35, 28, 26, 24, 23, 25, 22, 23, 30, 31, 27, 23, 24, 23, 22, 25, 26, 26, 26, 29, 27, 27, 24, 25, 32, 29, 26, 26, 23, 28, 29, 27, 26, 32, 27, 28, 27, 26, 25, 29, 31, 30, 29]
Mins:[13, 16, 14, 16, 15, 15, 21, 18, 21, 13, 18, 16, 16, 15, 13, 15, 18, 17, 13, 17, 27, 22, 25, 24, 28, 26, 23, 25, 17, 14, 15, 14, 18, 15, 14, 16, 16, 15, 15, 14, 17, 15, 16, 15, 17, 18, 13, 16, 20, 11, 20, 14, 9, 18, 12, 18, 11, 11, 14, 11, 11, 15, 12, 14, 11, 17, 7, 8, 9, 15, 14, 15, 8, 14, 13, 14, 17, 17, 15, 13, 14, 13, 11, 12, 15, 17, 18, 19, 10, 20, 16, 17, 12, 16, 19, 19, 20, 27, 21, 19, 19, 17, 23, 26, 21, 27, 15, 14, 12, 16, 17, 17, 17, 20, 24, 13, 13, 12, 11, 11, 15, 15, 15, 14, 20, 15, 19, 16, 13, 21, 15, 13, 18, 11, 14, 15, 17, 17, 19, 20, 16, 19, 14, 14, 16, 15, 15, 18]

./youtube_vids/cooking.mp4.wav
Maxs:[38, 38, 39, 38, 39, 39, 39, 39, 39, 39, 39, 39, 40, 40, 40, 38, 39, 40, 39, 39, 38, 39, 39, 39, 38]
Means:[36, 36, 36, 36, 36, 36, 36, 36, 36, 36, 36, 36, 36, 36, 36, 36, 36, 36, 36, 36, 36, 36, 36, 36, 35]
Mins:[33, 33, 33, 32, 33, 31, 32, 34, 33, 33, 33, 33, 33, 33, 33, 34, 34, 33, 32, 32, 33, 34, 33, 33, 34]


./youtube_vids/cooking.mp4.wav
Maxs:[40, 40, 39, 39, 39, 38, 38, 39, 39, 39, 39, 39, 39, 39, 39, 38, 39, 39, 39, 39, 39, 39, 39, 38, 38, 38, 38, 39, 39, 39, 39, 39, 39, 39, 51, 51, 51, 51, 51, 50, 51, 50, 50, 50, 50, 50, 49, 49, 50, 50, 51]
Means:[36, 36, 36, 36, 36, 35, 35, 36, 36, 36, 35, 36, 36, 36, 36, 35, 36, 36, 35, 36, 36, 35, 35, 35, 35, 35, 35, 35, 36, 36, 35, 36, 36, 36, 47, 48, 47, 47, 48, 46, 46, 46, 46, 47, 47, 47, 47, 47, 47, 47, 47]
Mins:[34, 33, 33, 33, 34, 32, 33, 32, 34, 34, 33, 34, 33, 33, 33, 33, 33, 34, 32, 33, 32, 31, 32, 32, 32, 33, 33, 33, 33, 34, 32, 34, 33, 32, 44, 45, 44, 44, 44, 39, 42, 43, 43, 43, 43, 44, 43, 45, 43, 45, 44]


./youtube_vids/crowd_talking.mp4.wav
Maxs:[19, 19, 19, 20, 19, 20, 20, 20, 19, 20, 18, 20, 20, 19, 21, 19, 18, 18, 20, 19, 19, 20, 19, 20, 19, 19, 19, 20, 18, 19, 19, 19, 19, 21, 20, 19, 19, 20, 19, 19, 20, 20, 21, 19, 21, 20, 19, 19, 19, 19, 21, 21, 20, 19, 20, 20, 19, 20, 19, 20, 20, 20, 21, 20, 20, 20, 20, 19, 20, 19, 21, 21, 20, 18, 20, 21, 20, 20, 19, 20, 19, 20, 21, 21, 22, 20, 19, 21, 19, 19, 20, 20, 20, 20, 21, 20, 20, 21, 20, 21, 21, 20, 19, 20, 20, 20, 20, 19, 20, 20, 20, 21, 20, 20, 20, 20, 20, 20, 21, 21, 20, 21, 20, 20, 20, 19, 20, 20, 21, 21, 20, 20, 20, 20, 19, 20, 21, 20, 20, 22, 20, 20, 20, 19, 20, 19, 21, 21, 21, 21, 21, 20, 19, 20, 20, 20, 21, 21, 20, 20, 21, 20, 19, 19, 19, 20, 20, 20, 20, 19, 20, 19, 19, 19, 21, 19, 20, 19, 19, 18, 20, 19, 20, 20, 20, 20, 19, 19, 19, 19, 19, 20, 19, 20, 21, 20, 19, 20, 20, 19, 20, 20, 20, 20, 18, 20, 19, 20, 19, 20, 19, 21, 19, 21, 20, 19, 19, 20, 20, 19, 19, 19, 19, 20, 19, 21, 19, 20, 20, 20, 19, 20, 20, 21, 19, 21, 20, 19, 19, 18, 20, 20, 20, 21, 20, 20, 20, 19, 20, 20, 20, 20, 21, 21, 19, 20, 19, 20, 20, 20, 22, 20, 20, 19, 21, 20, 19, 20, 20, 20, 21, 21, 20, 19, 20, 20, 20, 20, 20, 20, 20, 21, 22, 20, 20, 20, 20, 20, 19, 19, 20, 19, 20, 20, 19, 20, 20, 19, 20, 20, 20, 20, 19, 19, 18, 19, 18, 19, 19, 19, 19, 20, 19, 19, 19, 20, 19, 19, 20, 19, 20, 19, 21, 20, 19, 19, 19, 19, 21, 19, 21, 21, 19, 18, 22, 19, 19, 20, 19, 20, 20, 20, 20, 19, 20, 19, 20, 19, 19, 20, 21, 19, 21, 20, 19, 19, 18, 20, 19, 19, 20, 20, 19, 20, 18, 19, 19, 19, 20, 20, 21, 21, 20, 20, 19, 20, 18, 19, 20, 20, 20, 20, 21, 19, 20, 20, 19, 20, 20, 19, 21, 21, 20, 19, 20, 20, 19, 20, 19, 20, 20, 21, 21, 20, 20, 20, 20, 20, 20, 20, 20, 20, 21, 20, 19, 20, 19, 21, 20, 20, 20, 21, 20, 20, 20, 20, 18, 20, 20, 20, 19, 21, 19, 19, 20, 20, 20, 20, 19, 20, 21, 20, 20, 19, 19, 18, 19, 19, 21, 18, 20, 21, 19, 20, 21, 20, 19, 19, 19, 19, 20, 19, 20, 19, 20, 19, 20, 19, 19, 19, 20, 18, 20, 20, 18, 19, 19, 20, 19, 20, 20, 20, 19, 19, 19, 19, 18, 20, 20, 20, 20, 20, 20, 19, 20, 19, 19, 19, 20, 20, 20, 20, 20, 19, 20, 19, 19, 19, 21, 19, 21, 21, 20, 19, 19, 21, 19, 19, 19, 19, 20, 19, 21, 19, 20, 20, 20, 19, 20, 20, 21, 19, 21, 20, 19, 19, 18, 20, 19, 20, 20, 20, 20, 20, 20, 19, 20, 20, 19, 20, 21, 20, 20, 20, 20, 19, 20, 21, 20, 21, 20, 20, 19, 21, 19, 19, 20, 21, 19, 20, 20, 19, 19]
Means:[13, 12, 13, 12, 13, 12, 13, 12, 13, 12, 13, 13, 12, 13, 12, 13, 12, 13, 12, 13, 12, 13, 12, 13, 12, 13, 12, 13, 12, 13, 12, 13, 12, 13, 12, 13, 12, 13, 12, 13, 12, 13, 12, 13, 12, 13, 12, 13, 12, 13, 12, 13, 12, 13, 12, 13, 12, 13, 12, 13, 12, 13, 12, 13, 13, 12, 13, 12, 13, 13, 12, 13, 12, 12, 13, 12, 13, 12, 13, 13, 12, 12, 13, 12, 13, 12, 13, 13, 12, 13, 12, 13, 12, 13, 12, 13, 13, 12, 13, 12, 13, 12, 13, 12, 13, 12, 13, 12, 13, 12, 13, 12, 13, 12, 13, 12, 13, 12, 13, 12, 13, 12, 13, 12, 13, 12, 13, 12, 13, 12, 13, 12, 13, 13, 12, 13, 12, 13, 12, 13, 12, 13, 12, 12, 12, 13, 12, 13, 12, 13, 12, 13, 12, 13, 12, 13, 12, 13, 12, 13, 12, 13, 12, 12, 13, 12, 13, 12, 13, 12, 12, 13, 12, 13, 12, 13, 12, 13, 13, 12, 13, 12, 13, 12, 13, 12, 13, 12, 13, 12, 13, 12, 13, 12, 13, 12, 13, 12, 13, 12, 13, 12, 13, 12, 13, 12, 13, 12, 13, 12, 13, 12, 13, 12, 13, 12, 13, 12, 13, 12, 13, 12, 13, 12, 13, 12, 13, 12, 13, 12, 13, 12, 13, 12, 13, 12, 13, 12, 13, 12, 13, 12, 13, 12, 13, 12, 13, 13, 12, 13, 12, 13, 12, 12, 12, 13, 12, 13, 12, 13, 12, 13, 12, 13, 12, 13, 12, 13, 12, 13, 12, 13, 12, 13, 12, 13, 12, 13, 12, 13, 12, 13, 12, 13, 12, 13, 12, 13, 12, 13, 12, 13, 12, 13, 12, 13, 12, 13, 12, 13, 12, 13, 12, 13, 12, 13, 12, 13, 12, 13, 12, 13, 12, 13, 12, 13, 12, 13, 12, 13, 12, 13, 12, 13, 12, 13, 12, 13, 12, 13, 12, 13, 12, 13, 12, 13, 12, 13, 12, 13, 12, 13, 12, 13, 12, 13, 12, 13, 12, 13, 12, 13, 12, 13, 12, 13, 12, 13, 12, 13, 12, 13, 12, 13, 12, 13, 12, 13, 12, 13, 12, 13, 12, 13, 12, 13, 12, 13, 12, 13, 12, 13, 12, 13, 12, 13, 12, 13, 12, 13, 12, 13, 12, 13, 12, 13, 12, 13, 12, 13, 12, 13, 12, 13, 12, 13, 12, 13, 12, 13, 12, 13, 12, 13, 12, 13, 12, 13, 12, 13, 12, 13, 12, 13, 12, 13, 12, 13, 12, 13, 12, 13, 12, 13, 12, 13, 12, 13, 12, 13, 12, 13, 12, 13, 12, 13, 12, 13, 12, 13, 12, 13, 12, 13, 12, 13, 12, 13, 12, 13, 12, 13, 12, 13, 12, 13, 12, 13, 12, 13, 12, 13, 12, 13, 12, 13, 12, 13, 12, 13, 12, 13, 12, 13, 12, 13, 12, 13, 12, 13, 12, 13, 12, 13, 12, 13, 12, 13, 12, 13, 12, 13, 12, 13, 12, 13, 12, 13, 12, 13, 12, 13, 12, 13, 12, 13, 12, 13, 12, 13, 12, 13, 12, 13, 12, 13, 12, 13, 12, 13, 12, 13, 12, 13, 12, 13, 12, 13, 12, 13, 12, 13, 12, 13, 13, 12, 13, 12, 13, 12, 13, 12, 13, 12, 13, 12, 13, 12, 13, 12, 13, 12, 13, 12, 13, 12, 13, 12, 13, 12, 13, 12, 13]
Mins:[7, 6, 7, 5, 7, 6, 7, 5, 7, 5, 8, 7, 6, 7, 5, 7, 5, 7, 6, 8, 6, 7, 5, 8, 6, 8, 6, 8, 5, 8, 6, 7, 5, 7, 6, 8, 5, 7, 5, 7, 5, 7, 5, 7, 5, 8, 5, 7, 5, 7, 5, 7, 6, 7, 6, 7, 6, 8, 6, 8, 5, 8, 5, 8, 8, 5, 8, 5, 8, 7, 5, 8, 5, 5, 8, 6, 8, 6, 9, 8, 5, 6, 9, 5, 8, 6, 8, 8, 6, 8, 5, 9, 5, 8, 5, 9, 8, 5, 8, 5, 7, 6, 8, 6, 8, 6, 8, 6, 8, 5, 8, 6, 9, 5, 8, 6, 8, 6, 7, 6, 8, 6, 7, 6, 7, 6, 8, 6, 9, 6, 8, 6, 9, 8, 5, 8, 7, 8, 6, 8, 7, 8, 6, 6, 5, 8, 5, 8, 6, 8, 6, 8, 6, 8, 6, 8, 6, 8, 6, 7, 7, 8, 5, 5, 8, 5, 8, 5, 8, 5, 5, 7, 5, 7, 5, 7, 5, 7, 7, 5, 7, 5, 7, 6, 8, 6, 8, 6, 7, 5, 7, 6, 8, 5, 8, 6, 8, 5, 8, 6, 8, 5, 7, 5, 7, 5, 8, 5, 8, 5, 7, 5, 8, 5, 8, 6, 8, 6, 8, 5, 8, 5, 8, 5, 8, 6, 9, 5, 9, 5, 9, 6, 8, 6, 8, 5, 8, 5, 8, 6, 8, 6, 8, 6, 8, 6, 8, 8, 5, 8, 6, 9, 5, 6, 5, 9, 6, 9, 5, 8, 5, 8, 5, 8, 6, 9, 6, 8, 6, 8, 5, 8, 6, 8, 7, 8, 6, 8, 6, 9, 5, 8, 6, 8, 6, 7, 6, 9, 6, 7, 6, 6, 5, 7, 6, 6, 6, 7, 6, 7, 6, 7, 6, 7, 6, 8, 5, 7, 5, 8, 5, 7, 6, 7, 5, 7, 5, 7, 5, 7, 5, 7, 5, 7, 5, 8, 5, 6, 5, 6, 5, 6, 6, 6, 6, 7, 5, 8, 5, 8, 5, 8, 5, 8, 5, 8, 5, 7, 6, 7, 5, 7, 5, 8, 5, 8, 5, 8, 6, 7, 6, 7, 6, 8, 6, 8, 5, 8, 6, 9, 5, 8, 6, 8, 5, 8, 5, 8, 5, 8, 5, 8, 5, 8, 5, 8, 5, 8, 5, 8, 5, 7, 6, 8, 6, 8, 5, 8, 6, 8, 5, 8, 6, 8, 6, 8, 5, 8, 6, 8, 6, 8, 6, 8, 5, 8, 6, 8, 6, 8, 6, 8, 6, 8, 6, 6, 5, 6, 6, 6, 5, 7, 6, 7, 5, 7, 6, 7, 6, 7, 5, 7, 6, 6, 5, 7, 5, 6, 5, 6, 5, 7, 6, 6, 6, 7, 6, 7, 5, 7, 5, 7, 5, 8, 5, 8, 5, 7, 5, 6, 6, 7, 5, 6, 5, 7, 5, 7, 5, 7, 5, 7, 6, 8, 6, 7, 6, 7, 6, 7, 5, 7, 6, 8, 5, 7, 5, 7, 5, 7, 5, 6, 5, 7, 5, 7, 5, 7, 5, 7, 5, 8, 6, 8, 6, 8, 5, 7, 6, 7, 5, 7, 5, 8, 5, 8, 5, 8, 6, 8, 6, 8, 6, 8, 5, 8, 5, 8, 6, 7, 5, 7, 6, 8, 8, 5, 8, 6, 8, 5, 8, 6, 8, 5, 8, 5, 8, 5, 8, 4, 6, 5, 6, 6, 8, 6, 7, 6, 7, 7, 7, 7, 7]

./youtube_vids/cooking3.mp4.wav 10 cm
Maxs:[38, 38, 38, 38, 37, 38, 37, 39, 39, 39, 39, 39, 38, 38, 38, 39, 40, 38, 39, 38, 38, 39, 38, 39, 39, 40, 40, 40, 39, 39, 39, 39, 39, 39, 39, 39, 39, 39, 39, 39, 39, 40, 40, 39, 39, 40, 39, 39, 39, 38, 39, 39, 39, 38, 39, 39, 39, 39, 38]
Means:[36, 35, 35, 35, 35, 35, 35, 36, 36, 35, 36, 36, 35, 35, 35, 36, 35, 36, 36, 35, 36, 36, 35, 36, 36, 36, 36, 36, 36, 36, 36, 36, 36, 36, 36, 36, 36, 36, 36, 36, 36, 36, 36, 36, 36, 36, 36, 36, 36, 36, 36, 36, 36, 35, 35, 36, 36, 36, 36]
Mins:[33, 33, 32, 32, 32, 32, 31, 32, 33, 33, 33, 32, 32, 32, 33, 33, 31, 34, 33, 32, 33, 34, 24, 32, 33, 34, 34, 34, 33, 31, 33, 34, 33, 33, 33, 32, 33, 33, 33, 33, 33, 34, 34, 34, 33, 33, 32, 34, 33, 34, 32, 33, 33, 33, 32, 33, 33, 34, 33]
./youtube_vids/cooking3.mp4.wav 10 cm
Maxs:[39, 39, 39, 39, 40, 39, 40, 39, 38, 39, 38, 39, 40, 39, 40, 40, 38, 39, 39, 38, 38, 39, 39, 39, 40, 39, 39, 39, 38, 39, 38, 38, 38, 38, 39, 38, 39, 39, 39, 39, 39, 39, 38, 39, 40, 39, 39, 39, 39, 39, 39, 38, 38, 38, 38, 39, 38, 38, 38, 39]
Means:[35, 36, 35, 36, 36, 36, 36, 35, 35, 35, 35, 35, 36, 36, 36, 36, 36, 36, 36, 36, 35, 36, 36, 36, 36, 36, 36, 36, 35, 35, 35, 35, 35, 35, 35, 36, 35, 36, 35, 36, 36, 36, 35, 36, 36, 36, 36, 36, 36, 35, 36, 35, 35, 35, 35, 35, 35, 35, 36, 36]
Mins:[32, 33, 14, 34, 33, 34, 33, 31, 32, 33, 32, 33, 33, 33, 33, 34, 33, 33, 34, 33, 32, 33, 34, 34, 33, 33, 32, 33, 32, 32, 33, 33, 32, 33, 33, 32, 32, 33, 32, 34, 32, 32, 32, 34, 33, 33, 34, 33, 31, 33, 33, 33, 32, 32, 33, 32, 32, 32, 34, 33]
./youtube_vids/cooking3.mp4.wav 10 cm
Maxs:[38, 38, 38, 38, 38, 39, 41, 39, 39, 39, 39, 39, 39, 38, 40, 40, 39, 38, 39, 39, 38, 39, 38, 39, 38, 38, 39, 39, 39, 39, 39, 39, 38, 40, 39, 39, 39, 39, 38, 40, 38, 39, 39, 39, 40, 39, 39, 41, 39, 39, 39, 38, 39, 38, 39, 39, 40, 39, 40]
Means:[35, 34, 34, 34, 35, 36, 36, 36, 36, 36, 35, 36, 36, 36, 36, 36, 35, 35, 36, 36, 36, 36, 36, 36, 35, 35, 35, 36, 36, 36, 36, 36, 36, 36, 36, 36, 36, 35, 36, 36, 36, 36, 36, 36, 36, 36, 36, 36, 36, 36, 36, 35, 36, 35, 36, 36, 36, 36, 36]
Mins:[20, 29, 30, 31, 32, 33, 34, 33, 33, 33, 31, 32, 34, 34, 33, 32, 33, 32, 33, 34, 32, 33, 33, 33, 32, 32, 33, 34, 33, 33, 32, 33, 33, 32, 33, 33, 32, 33, 33, 33, 32, 33, 35, 33, 33, 33, 34, 32, 34, 33, 33, 32, 33, 33, 33, 33, 32, 34, 34]

./youtube_vids/cooking.mp4.wav
Maxs:[39, 39, 40, 39, 39, 39, 39, 39, 39, 38, 38, 39, 39, 38, 38, 39, 38, 39, 38, 39, 40, 39, 39, 38, 39, 40, 39, 39, 40, 39, 38, 39, 39, 38, 38, 39, 39, 39, 39, 38, 38]
Means:[36, 36, 36, 36, 36, 35, 36, 36, 36, 36, 35, 35, 35, 35, 35, 36, 36, 35, 35, 36, 36, 36, 36, 36, 36, 36, 36, 36, 36, 36, 36, 36, 36, 35, 35, 35, 36, 35, 36, 35, 35]
Mins:[34, 34, 31, 32, 34, 32, 33, 33, 32, 33, 33, 33, 34, 32, 33, 33, 33, 33, 32, 33, 32, 33, 32, 33, 34, 33, 33, 33, 34, 30, 34, 32, 33, 33, 33, 33, 33, 32, 33, 32, 33]

./youtube_vids/dog_barking.mp4.wav
Maxs:[38, 39, 40, 39, 39, 40, 39, 39, 39, 40, 40, 39, 40, 40, 40, 39, 41, 41, 41, 38, 39, 40, 40, 39, 39, 39, 40, 40, 40, 40, 41, 40, 42, 40, 40, 39, 40, 39, 39, 39, 39, 39, 40, 40, 40, 39, 39, 39, 40, 38, 38, 39, 38, 40, 39, 39, 39, 39, 38]
Means:[31, 27, 29, 29, 26, 22, 30, 27, 27, 27, 27, 24, 29, 27, 31, 30, 26, 25, 31, 27, 27, 29, 28, 25, 29, 30, 28, 27, 26, 28, 26, 29, 30, 27, 23, 30, 29, 28, 26, 28, 25, 27, 29, 27, 31, 28, 24, 28, 29, 26, 27, 29, 24, 28, 30, 27, 29, 26, 26]
Mins:[8, 9, 8, 9, 10, 4, 6, 7, 9, 8, 8, 5, 11, 7, 8, 7, 10, 6, 10, 6, 7, 7, 9, 8, 10, 8, 7, 7, 6, 7, 9, 8, 10, 6, 5, 7, 9, 7, 9, 7, 6, 9, 13, 5, 8, 12, 5, 6, 9, 7, 8, 5, 6, 5, 13, 9, 9, 8, 5]

./youtube_vids/keyboard.mp4.wav
Maxs:[39, 39, 38, 37, 37, 37, 38, 39, 39, 39, 38, 40, 39, 38, 38, 37, 38, 38, 37, 38, 39, 38, 39, 39, 39, 38, 39, 38, 37, 38, 38, 37, 38, 38, 38, 39, 39, 39, 38, 38, 39, 38, 37, 38, 37, 38, 38, 38, 37, 38, 37, 37, 38, 37, 37, 37, 37, 38]
Means:[35, 34, 35, 34, 34, 34, 35, 35, 35, 35, 35, 35, 34, 34, 35, 35, 35, 34, 35, 35, 35, 35, 35, 36, 35, 34, 34, 34, 34, 34, 34, 34, 35, 35, 35, 35, 35, 35, 35, 35, 35, 34, 34, 34, 34, 34, 34, 34, 34, 34, 34, 34, 34, 34, 34, 34, 34, 34]
Mins:[23, 28, 32, 32, 30, 32, 27, 28, 31, 31, 30, 32, 29, 30, 31, 30, 30, 27, 31, 32, 33, 27, 30, 31, 29, 30, 31, 31, 30, 29, 30, 27, 31, 31, 31, 32, 32, 29, 32, 32, 30, 27, 28, 30, 31, 29, 30, 31, 28, 30, 30, 25, 31, 30, 29, 30, 30, 31]

./youtube_vids/punk_music.mp4.wav
Maxs:[37, 22, 24, 37, 21, 18, 39, 27, 38, 30, 27, 34, 39, 21, 39, 38, 25, 32, 38, 27, 26, 33, 28, 28, 39, 36, 18, 33, 25, 29, 38, 34, 28, 34, 38, 23, 29, 39, 18, 38, 32, 24, 38, 32, 25, 38, 23, 26, 39, 32, 24, 23, 37, 35, 38, 30, 35, 33, 38]
Means:[28, 18, 18, 17, 15, 14, 17, 17, 18, 19, 19, 19, 16, 15, 18, 20, 19, 19, 19, 16, 18, 20, 22, 22, 22, 16, 14, 17, 21, 20, 21, 19, 20, 17, 18, 17, 17, 21, 14, 22, 15, 16, 20, 18, 18, 22, 18, 18, 22, 18, 17, 17, 21, 20, 22, 20, 18, 15, 16]
Mins:[17, 14, 14, 8, 7, 7, 7, 13, 13, 12, 14, 12, 7, 10, 8, 15, 12, 15, 13, 12, 13, 13, 17, 18, 13, 12, 10, 11, 16, 14, 16, 15, 15, 12, 13, 14, 11, 12, 11, 11, 9, 10, 10, 11, 12, 13, 10, 12, 12, 11, 6, 10, 7, 15, 15, 13, 11, 10, 9]

./youtube_vids/vaccume.mp4.wav
Maxs:[37, 15, 14, 15, 15, 15, 15, 15, 15, 15, 15, 14, 15, 15, 15, 15, 15, 15, 15, 15, 15, 15, 15, 15, 15, 15, 15, 15, 15, 15, 15, 15, 15, 15, 15, 15, 15, 15, 15, 15, 15, 15, 15, 15, 15, 15, 15, 15, 15, 15, 15, 15, 15, 15, 15, 15, 15, 15, 15]
Means:[23, 13, 13, 13, 13, 13, 13, 13, 13, 13, 13, 13, 13, 13, 13, 13, 13, 13, 13, 13, 13, 13, 13, 13, 13, 13, 13, 13, 13, 13, 13, 13, 13, 13, 13, 13, 13, 13, 13, 13, 13, 13, 13, 13, 13, 13, 13, 13, 13, 13, 13, 13, 13, 13, 13, 13, 13, 13, 13]
Mins:[12, 12, 12, 12, 12, 12, 13, 12, 12, 12, 13, 12, 12, 12, 13, 13, 12, 13, 13, 13, 13, 12, 13, 13, 12, 12, 13, 13, 13, 12, 13, 13, 13, 12, 13, 12, 13, 12, 12, 12, 12, 13, 12, 12, 13, 13, 12, 13, 12, 12, 13, 12, 12, 12, 11, 13, 12, 13, 13]

./youtube_vids/keyboard.mp4.wav
Maxs:[47, 48, 48, 49, 49, 49, 48, 47, 48, 49, 47, 48, 48, 47, 47, 47, 49, 48, 48, 48, 50, 48, 48, 46, 47, 45, 48, 47, 49, 48, 48, 48, 48, 47, 48, 47, 47, 50, 47, 45, 47, 47, 48, 47, 48, 46, 46, 49, 48, 48, 47, 48, 47, 47, 48, 48, 47, 46, 47, 48, 48, 48, 49, 46, 46, 47, 46, 48, 48, 52, 46, 46, 48, 48, 47, 48, 48, 49, 48, 47, 47, 45, 47, 50, 46, 47, 47, 49, 46, 49, 48, 47, 46, 47, 47, 49, 48, 49, 46, 46, 47, 48, 48, 48, 47, 49, 48, 48, 48, 47, 48, 48, 47, 48, 46, 49, 46, 47, 47, 46, 48, 48, 46, 46, 45, 48, 48, 48, 48, 47, 49, 48, 47, 47, 47, 48, 46, 48, 45, 46, 45, 47, 47, 47, 47, 46, 48, 49, 47, 47, 46, 47, 47, 46, 48, 47, 47, 48, 46, 46, 46, 48, 49, 48, 47, 49, 48, 48, 47, 46, 48, 46, 47, 47, 45, 49, 47, 49, 48, 47, 48, 48, 50, 51, 49, 50, 46, 46, 47, 46, 47, 49, 47, 46, 49, 46, 45, 46, 51, 51, 49, 49, 50, 48, 48, 51, 50, 50, 50, 48, 46, 46, 48, 46, 47, 46, 46, 46, 46, 47, 47, 46, 46, 46, 47, 45, 46, 47, 48, 47, 49, 46, 47, 47, 47, 47, 47, 47, 46, 46, 47, 48, 45, 47, 47, 46, 47, 49, 48, 47, 46, 45, 47, 45, 46, 48, 45, 48, 46, 46, 48, 46, 48, 47, 47, 47, 47, 51, 48, 51, 51, 51, 52, 44, 47, 46, 47, 48, 47, 47, 48, 49, 47, 47, 45, 49, 49, 51, 52, 47, 47, 48, 47, 47, 47, 46, 47, 45, 49, 50, 50, 48, 50, 47, 46, 46, 47, 46, 46, 48, 46, 49, 48, 48, 47, 51, 50, 48, 46, 46, 46, 46, 44, 45, 47, 47, 45, 47, 46, 48, 48, 50, 50, 48, 50, 48, 49, 48, 45, 47, 45, 46, 46, 46, 47, 47, 47, 49, 49, 48, 47, 51, 49, 51, 49, 49, 47, 46, 46, 47, 47, 46, 47, 47, 48, 46, 46, 47, 47, 47, 49, 50, 48, 48, 49, 50, 46, 46, 46, 47, 47, 45, 45, 46, 49, 47, 48, 47, 47, 45, 51, 50, 50, 50, 51, 49, 47, 46, 46, 45, 46, 47, 47, 47, 45, 46, 47, 49, 52, 50, 51, 48, 47, 48, 45, 48, 46, 46, 46, 46, 47, 47, 46, 47, 48, 48, 46, 50, 50, 50, 49, 50, 49, 49, 50, 49, 51, 48, 47, 46, 45, 47, 46, 48, 48, 50, 50, 50, 51, 50, 49, 49, 50, 51, 48, 46, 48, 46, 47, 47, 47, 46, 47, 45, 50, 50, 50, 49, 52, 50, 52, 50, 49, 49, 46, 47, 48, 45, 47, 47, 47, 47, 48, 51, 50, 51, 49, 49, 51, 48, 51, 52, 48, 45, 46, 47, 48, 48, 47, 47, 49, 49, 52, 48, 49, 49, 47, 50, 50, 50, 51, 49, 46, 46, 46, 48, 49, 48, 50, 50, 51, 50, 51, 46, 46, 46, 47, 46, 46, 49, 49, 49, 50, 50, 50, 51, 48, 50, 50, 51, 46, 47, 47, 47]
Means:[41, 42, 41, 41, 41, 41, 42, 41, 40, 39, 40, 40, 40, 40, 40, 40, 41, 42, 41, 41, 41, 42, 41, 39, 40, 39, 39, 40, 40, 40, 41, 40, 42, 41, 41, 41, 42, 41, 40, 39, 40, 39, 40, 40, 40, 40, 40, 41, 42, 42, 41, 41, 39, 40, 40, 40, 41, 40, 41, 41, 42, 42, 42, 39, 39, 39, 39, 39, 40, 41, 40, 40, 41, 42, 42, 42, 41, 42, 43, 40, 40, 40, 40, 40, 40, 39, 40, 41, 40, 42, 42, 39, 39, 40, 39, 39, 40, 40, 39, 40, 41, 42, 42, 41, 41, 40, 41, 40, 40, 39, 39, 40, 41, 40, 41, 41, 42, 41, 40, 41, 41, 40, 39, 40, 39, 40, 38, 40, 41, 39, 41, 41, 42, 41, 41, 41, 41, 39, 40, 40, 39, 40, 39, 41, 41, 41, 42, 41, 40, 41, 41, 41, 39, 39, 38, 40, 40, 40, 40, 40, 41, 42, 41, 41, 42, 42, 40, 41, 39, 40, 40, 40, 40, 40, 41, 41, 41, 41, 42, 40, 39, 40, 41, 40, 41, 41, 39, 40, 41, 41, 42, 41, 42, 40, 40, 39, 39, 40, 41, 41, 40, 41, 42, 41, 41, 42, 43, 42, 41, 39, 40, 41, 40, 39, 41, 40, 39, 41, 41, 42, 41, 40, 41, 40, 39, 39, 40, 39, 40, 41, 40, 40, 41, 41, 41, 41, 41, 41, 39, 39, 40, 40, 39, 40, 40, 40, 41, 41, 42, 41, 41, 41, 40, 39, 39, 40, 39, 38, 40, 41, 41, 40, 41, 41, 41, 40, 42, 42, 40, 40, 42, 41, 40, 39, 40, 41, 40, 42, 43, 41, 42, 41, 39, 40, 40, 41, 40, 41, 41, 41, 42, 41, 40, 40, 40, 40, 40, 39, 41, 41, 41, 42, 43, 42, 40, 41, 42, 41, 39, 40, 40, 39, 41, 41, 41, 43, 42, 41, 39, 39, 39, 39, 39, 39, 41, 40, 41, 41, 42, 40, 41, 43, 42, 41, 40, 41, 39, 39, 38, 39, 40, 38, 40, 41, 42, 41, 41, 42, 41, 40, 39, 41, 39, 40, 40, 41, 40, 40, 41, 41, 41, 40, 41, 41, 41, 39, 40, 39, 39, 40, 40, 42, 41, 41, 42, 42, 41, 41, 41, 40, 40, 39, 39, 39, 39, 40, 39, 40, 40, 40, 42, 43, 42, 42, 43, 41, 39, 39, 39, 40, 39, 39, 40, 39, 40, 41, 41, 42, 43, 43, 42, 40, 40, 40, 39, 39, 40, 40, 39, 41, 41, 41, 41, 41, 41, 40, 40, 40, 41, 41, 39, 41, 41, 41, 42, 42, 44, 42, 41, 40, 39, 40, 39, 39, 40, 42, 41, 41, 42, 43, 43, 43, 43, 43, 42, 39, 40, 39, 40, 39, 39, 40, 40, 40, 42, 44, 42, 41, 43, 42, 40, 40, 40, 40, 39, 40, 41, 39, 41, 41, 41, 41, 41, 43, 42, 40, 40, 42, 41, 40, 41, 42, 40, 40, 42, 41, 41, 42, 40, 40, 41, 41, 40, 41, 41, 41, 41, 43, 44, 42, 42, 43, 41, 40, 39, 40, 41, 42, 43, 42, 43, 43, 40, 39, 39, 40, 39, 39, 40, 41, 44, 42, 43, 42, 41, 40, 40, 40, 40, 40, 39, 41, 40, 41]
Mins:[34, 34, 35, 29, 32, 32, 36, 33, 33, 30, 33, 31, 31, 30, 28, 35, 33, 32, 31, 32, 31, 35, 33, 33, 32, 30, 31, 33, 33, 32, 29, 33, 35, 33, 33, 36, 33, 31, 28, 34, 29, 29, 35, 33, 33, 31, 35, 36, 34, 30, 33, 33, 31, 33, 32, 33, 34, 27, 32, 37, 32, 35, 34, 32, 30, 33, 30, 31, 33, 33, 28, 32, 33, 37, 35, 26, 29, 32, 36, 32, 33, 33, 34, 31, 30, 33, 32, 30, 35, 36, 36, 28, 32, 29, 33, 30, 32, 31, 31, 26, 31, 34, 33, 35, 35, 30, 31, 32, 33, 34, 34, 29, 33, 32, 31, 35, 33, 32, 32, 31, 31, 32, 31, 28, 33, 33, 31, 31, 32, 33, 34, 35, 34, 34, 35, 31, 35, 30, 34, 28, 33, 31, 32, 30, 31, 37, 36, 31, 30, 33, 33, 34, 32, 30, 28, 30, 33, 32, 33, 34, 35, 33, 33, 33, 35, 31, 33, 34, 29, 33, 33, 31, 35, 35, 35, 35, 34, 34, 30, 33, 30, 31, 32, 32, 34, 34, 27, 28, 35, 35, 31, 35, 36, 32, 31, 33, 30, 31, 34, 33, 32, 33, 34, 36, 33, 31, 35, 32, 29, 32, 33, 35, 33, 32, 32, 31, 30, 34, 32, 32, 33, 32, 34, 28, 31, 29, 35, 31, 34, 33, 33, 35, 34, 32, 33, 33, 30, 29, 32, 28, 32, 32, 33, 32, 32, 30, 33, 36, 33, 32, 35, 34, 32, 29, 33, 32, 32, 31, 33, 32, 32, 30, 34, 30, 33, 31, 36, 34, 34, 32, 31, 35, 31, 31, 32, 36, 31, 34, 34, 34, 35, 32, 34, 32, 31, 33, 31, 32, 32, 35, 36, 28, 29, 34, 33, 32, 31, 32, 32, 33, 36, 34, 34, 36, 32, 35, 36, 35, 28, 29, 34, 30, 30, 29, 31, 35, 34, 33, 31, 33, 33, 31, 33, 31, 33, 32, 32, 35, 34, 34, 32, 32, 32, 33, 30, 28, 34, 32, 30, 30, 33, 31, 31, 36, 33, 35, 34, 34, 33, 30, 31, 30, 32, 33, 33, 33, 27, 33, 32, 32, 32, 33, 33, 33, 36, 33, 31, 30, 30, 31, 32, 32, 29, 32, 36, 31, 33, 36, 33, 29, 29, 34, 33, 27, 31, 28, 34, 33, 31, 35, 34, 36, 34, 32, 30, 34, 34, 31, 31, 32, 30, 32, 34, 27, 27, 32, 36, 28, 34, 35, 31, 34, 29, 33, 29, 32, 32, 32, 28, 32, 36, 31, 31, 35, 34, 30, 32, 32, 30, 31, 31, 31, 33, 29, 34, 33, 33, 32, 32, 31, 28, 34, 29, 31, 31, 34, 33, 34, 36, 37, 32, 35, 32, 33, 35, 33, 30, 33, 32, 31, 31, 31, 32, 28, 36, 37, 32, 33, 30, 32, 33, 32, 32, 34, 28, 34, 31, 31, 36, 33, 30, 32, 32, 34, 32, 31, 33, 33, 34, 33, 32, 32, 30, 34, 31, 33, 36, 33, 35, 31, 32, 32, 30, 31, 33, 33, 33, 36, 37, 27, 31, 33, 32, 33, 32, 29, 34, 35, 36, 31, 34, 37, 30, 30, 29, 33, 31, 32, 32, 35, 34, 35, 35, 31, 34, 32, 33, 32, 31, 34, 30, 35, 32, 32]

./youtube_vids/punk_music.mp4.wav
Maxs:[45, 30, 50, 27, 27, 49, 28, 49, 34, 33, 48, 30, 32, 48, 43, 47, 39, 44, 31, 50, 38, 35, 51, 51, 45, 51, 34, 40, 50, 37, 45, 31, 48, 29, 29, 49, 49, 51, 49, 49, 43, 29, 34, 53, 32, 37, 31, 31, 46, 42, 46, 43, 46, 34, 49, 47, 38, 37, 43, 53, 51, 42, 48, 34, 37, 49, 44, 46, 43, 47, 30, 28, 47, 34, 40, 51, 36, 37, 49, 30, 51, 42, 36, 49, 34, 38, 36]
Means:[26, 25, 27, 23, 23, 24, 24, 25, 27, 26, 28, 22, 23, 29, 26, 27, 26, 26, 26, 33, 30, 30, 29, 25, 24, 28, 27, 26, 29, 27, 27, 25, 27, 24, 23, 25, 26, 28, 27, 24, 28, 24, 24, 28, 25, 26, 24, 24, 27, 28, 30, 30, 30, 23, 24, 28, 24, 26, 29, 31, 32, 26, 29, 27, 29, 30, 33, 32, 25, 29, 22, 22, 26, 28, 29, 32, 29, 28, 28, 24, 25, 31, 31, 32, 28, 29, 29]
Mins:[19, 21, 20, 18, 16, 18, 21, 21, 19, 20, 20, 16, 17, 17, 20, 21, 20, 21, 21, 26, 24, 26, 20, 18, 19, 20, 21, 23, 21, 21, 19, 21, 21, 16, 19, 18, 18, 17, 19, 15, 19, 18, 18, 20, 19, 20, 17, 15, 14, 23, 22, 21, 21, 19, 18, 15, 16, 19, 19, 18, 22, 20, 20, 23, 24, 23, 24, 23, 21, 18, 18, 18, 19, 22, 24, 24, 23, 23, 22, 18, 18, 26, 26, 24, 22, 24, 25]

./youtube_vids/vaccume.mp4.wav
Maxs:[44, 27, 27, 28, 27, 26, 27, 27, 26, 27, 26, 26, 27, 26, 26, 26, 26, 26, 26, 27, 26, 27, 27, 27, 26, 26, 27, 27, 26, 26, 26, 26, 27, 27, 26, 27, 27, 26, 27, 26, 27, 27, 27, 27, 27, 26, 27, 27, 27, 26, 27, 26, 26, 27, 27, 26, 27, 26, 27, 26, 27, 26, 26, 26, 26, 27, 26, 27, 26, 27, 27, 27, 26, 27, 27, 28, 27, 27, 27, 27, 27, 27, 27, 27, 27, 27, 27, 27, 27, 27, 26, 27, 27, 27, 27, 27, 27, 27, 27, 27, 27, 27, 27, 27, 27, 27, 27, 27, 27, 27, 27, 26, 26, 27, 27, 26, 27, 28, 28, 27, 27, 27, 27, 27, 28, 27, 27, 27, 27, 27, 27, 27, 27, 27, 28, 27, 27, 27, 27, 27, 27, 27, 27, 27, 27, 28, 28, 27, 27, 27, 27, 27, 27, 27, 27, 28, 27, 27, 27, 27, 27, 27, 27, 27, 27, 27, 27, 27, 28, 27, 27, 27, 26, 27, 27, 27, 28, 27, 27, 27, 27, 27, 27, 27, 27, 27, 27, 26, 27, 27, 27, 27, 27, 27, 27, 27, 27, 27, 27, 27, 26, 27, 27, 27, 27, 28, 26, 27, 27, 27, 27, 27, 27, 27, 27, 27, 27, 27, 27, 27, 27, 27, 27, 26, 28, 27, 27, 27, 27, 27, 27, 27, 27, 27, 27, 27, 27, 27, 27, 27, 27, 27, 27, 27, 27, 27, 27, 27, 27, 27, 27, 27, 27, 28, 27, 27, 27, 27, 27, 28, 27, 27, 27, 28, 27, 27, 27, 27, 27, 27, 27, 27, 27, 27, 27, 27, 27, 27, 27, 27, 27, 27, 27, 27, 27, 27, 27, 27, 28, 27, 27, 26, 27, 27, 26, 27, 27, 27, 27, 27, 27, 27, 27, 27, 27, 27, 27, 27, 27, 28, 27, 27, 26, 27, 27, 27, 27, 27, 27, 26, 27, 27, 27, 27, 27, 27, 27, 27, 27, 26, 27, 27, 26, 26, 27, 27, 27, 27, 27, 27, 27, 27, 27, 27, 26, 27, 27, 27, 27, 27, 27, 26, 27, 27, 27, 27, 27, 28, 27, 27, 27, 27, 26, 27, 27, 27, 26, 27, 27, 27, 27, 26, 27, 27, 27, 27, 27, 27, 27, 26, 27, 27, 27, 27, 27, 28, 27, 28, 27, 27, 27, 27, 27, 27, 27, 27, 27, 28, 27, 27, 27, 27, 27, 27, 27, 27, 27, 27, 27, 27, 27, 27, 26, 26, 26, 27, 27, 27, 27, 27, 26, 27, 26, 27, 27, 26, 27, 27, 27, 27, 27, 27, 27, 29, 27, 27, 27, 27, 27, 27, 27, 27, 27, 27, 27, 27, 27, 27, 27, 27, 27, 27]
Means:[25, 24, 24, 24, 24, 24, 24, 24, 24, 24, 24, 24, 24, 24, 24, 24, 24, 24, 24, 24, 24, 24, 24, 24, 24, 24, 24, 24, 24, 24, 24, 24, 24, 24, 24, 24, 24, 24, 24, 24, 24, 24, 24, 24, 24, 24, 24, 24, 24, 24, 24, 24, 24, 24, 24, 24, 24, 24, 25, 24, 25, 24, 24, 24, 25, 24, 24, 24, 24, 24, 24, 24, 24, 24, 24, 25, 24, 24, 24, 24, 25, 25, 25, 24, 25, 25, 25, 25, 25, 24, 25, 25, 25, 25, 25, 24, 25, 25, 25, 25, 25, 25, 25, 25, 25, 25, 24, 24, 25, 24, 24, 25, 24, 25, 25, 24, 25, 25, 25, 25, 25, 25, 25, 24, 25, 25, 25, 25, 25, 25, 25, 25, 25, 25, 25, 25, 25, 25, 25, 25, 25, 25, 25, 24, 25, 25, 25, 25, 25, 25, 24, 25, 25, 24, 25, 25, 25, 25, 25, 25, 25, 25, 25, 25, 25, 25, 25, 24, 25, 24, 25, 25, 24, 24, 25, 24, 25, 25, 25, 25, 25, 25, 25, 24, 25, 25, 24, 24, 24, 24, 25, 24, 25, 25, 24, 24, 24, 25, 25, 24, 24, 25, 24, 24, 25, 24, 24, 25, 24, 24, 24, 25, 25, 24, 24, 25, 25, 25, 25, 24, 25, 25, 25, 24, 25, 25, 25, 25, 25, 25, 25, 25, 24, 25, 25, 25, 25, 25, 25, 25, 25, 25, 25, 25, 25, 25, 24, 25, 25, 24, 25, 25, 24, 25, 25, 25, 25, 25, 25, 25, 25, 25, 25, 25, 25, 25, 25, 25, 25, 25, 25, 25, 25, 25, 25, 25, 25, 25, 25, 25, 25, 25, 25, 25, 25, 25, 25, 25, 25, 25, 25, 25, 25, 24, 25, 25, 25, 25, 25, 25, 25, 25, 25, 25, 25, 25, 25, 25, 25, 25, 25, 25, 25, 25, 25, 25, 24, 25, 25, 24, 25, 25, 25, 25, 25, 25, 24, 24, 25, 24, 24, 24, 25, 25, 24, 25, 25, 25, 25, 25, 24, 25, 24, 24, 25, 24, 24, 24, 24, 25, 24, 24, 25, 24, 24, 25, 24, 25, 25, 24, 24, 25, 24, 24, 24, 24, 24, 24, 24, 24, 25, 24, 24, 24, 24, 24, 24, 25, 25, 24, 24, 24, 24, 24, 25, 24, 24, 25, 24, 24, 24, 24, 24, 24, 25, 25, 24, 24, 24, 24, 24, 24, 25, 24, 24, 25, 24, 24, 25, 24, 25, 24, 24, 24, 24, 24, 25, 24, 25, 25, 24, 25, 24, 24, 24, 25, 24, 25, 24, 25, 25, 24, 25, 25, 24, 25, 25, 25, 24, 25, 25, 25, 25, 25, 25, 25, 24, 24, 25, 24, 25, 25]
Mins:[22, 23, 22, 23, 23, 22, 22, 22, 22, 22, 22, 22, 22, 22, 23, 22, 22, 22, 22, 22, 23, 23, 23, 22, 23, 22, 23, 22, 21, 22, 23, 22, 23, 23, 21, 22, 23, 21, 23, 23, 21, 23, 23, 21, 22, 22, 22, 23, 21, 23, 22, 21, 23, 23, 22, 23, 23, 21, 22, 23, 22, 22, 22, 23, 22, 22, 23, 22, 23, 22, 23, 23, 21, 22, 24, 23, 22, 24, 22, 23, 22, 23, 23, 22, 23, 22, 22, 23, 22, 23, 23, 23, 23, 22, 22, 23, 22, 23, 21, 23, 22, 23, 21, 23, 23, 23, 23, 23, 22, 23, 23, 23, 23, 22, 23, 23, 22, 23, 23, 22, 23, 23, 22, 23, 23, 22, 23, 22, 22, 23, 23, 23, 22, 22, 23, 23, 23, 23, 22, 23, 22, 23, 23, 23, 22, 23, 23, 22, 23, 23, 22, 24, 23, 22, 23, 23, 23, 23, 23, 22, 24, 23, 23, 24, 23, 22, 24, 23, 23, 22, 22, 23, 23, 22, 23, 22, 23, 23, 22, 23, 23, 23, 23, 22, 23, 23, 22, 23, 23, 23, 23, 22, 23, 23, 22, 23, 22, 22, 23, 22, 23, 23, 22, 23, 23, 23, 23, 23, 22, 23, 22, 23, 23, 23, 22, 24, 23, 23, 22, 23, 23, 23, 22, 23, 23, 23, 23, 24, 23, 23, 23, 23, 23, 23, 23, 22, 23, 23, 23, 23, 21, 23, 23, 23, 23, 23, 23, 23, 23, 23, 23, 22, 23, 23, 23, 21, 22, 23, 21, 23, 23, 22, 23, 24, 22, 23, 23, 22, 23, 24, 22, 23, 23, 22, 23, 23, 23, 22, 23, 22, 23, 23, 23, 24, 22, 22, 24, 22, 23, 23, 22, 24, 22, 23, 24, 22, 23, 24, 22, 23, 23, 22, 23, 24, 23, 23, 22, 23, 22, 23, 22, 23, 23, 22, 22, 23, 23, 22, 23, 23, 23, 24, 23, 23, 23, 23, 23, 23, 22, 22, 23, 22, 22, 23, 22, 23, 23, 22, 23, 23, 22, 23, 23, 23, 24, 22, 22, 23, 23, 24, 22, 22, 23, 23, 22, 23, 23, 23, 23, 23, 22, 23, 21, 22, 23, 22, 23, 22, 23, 23, 23, 23, 23, 23, 23, 23, 22, 23, 22, 23, 22, 22, 23, 21, 23, 23, 24, 22, 23, 22, 23, 23, 23, 23, 23, 23, 23, 23, 22, 23, 21, 22, 23, 23, 23, 23, 23, 21, 23, 23, 22, 23, 23, 22, 24, 23, 23, 23, 21, 23, 22, 22, 23, 23, 23, 23, 23, 22, 22, 22, 23, 23, 22, 23, 22, 24, 23, 24, 22, 23, 22, 22, 23, 22, 23, 23, 22, 23, 23, 23, 23, 22]

