./youtube_vids/classical_music.mp4.wav
Maxs:[46, 46, 44, 47, 48, 45, 48, 49, 47, 47, 49, 45, 46, 48, 45, 47, 48, 44, 47, 47, 49, 45, 47, 48, 47, 47, 49, 45, 48, 47, 47, 47, 46, 48, 49, 46, 48, 48, 47, 47, 45, 43, 50, 44, 43, 50, 47, 46, 45, 50, 48, 43, 44, 50, 43, 49, 49, 48, 47]
Means:[33, 34, 35, 36, 37, 40, 36, 41, 42, 42, 39, 38, 37, 40, 34, 35, 35, 37, 38, 33, 36, 37, 36, 38, 35, 37, 38, 37, 40, 41, 41, 41, 40, 41, 43, 42, 42, 41, 41, 34, 33, 32, 33, 34, 33, 33, 36, 34, 37, 34, 34, 34, 34, 36, 33, 37, 37, 36, 35]
Mins:[22, 21, 26, 24, 23, 29, 25, 32, 35, 33, 30, 26, 25, 26, 25, 24, 28, 23, 28, 25, 23, 28, 22, 25, 23, 28, 25, 27, 28, 32, 33, 33, 33, 34, 31, 36, 34, 34, 31, 21, 20, 23, 23, 20, 19, 21, 21, 25, 23, 24, 20, 21, 25, 25, 24, 26, 23, 22, 25]

./youtube_vids/cooking.mp4.wav
Maxs:[50, 50, 51, 52, 51, 52, 51, 51, 50, 50, 50, 50, 49, 49, 50, 51, 50, 50, 50, 50, 51, 51, 51, 52, 49, 50, 50, 50, 50, 50, 50, 50, 49, 50, 50, 50, 51, 50, 50]
Means:[47, 47, 47, 48, 48, 48, 47, 48, 46, 47, 46, 47, 47, 47, 46, 47, 47, 47, 47, 47, 48, 48, 48, 48, 46, 47, 47, 47, 47, 47, 46, 46, 47, 47, 47, 47, 47, 47, 47]
Mins:[44, 44, 45, 45, 41, 45, 44, 44, 43, 44, 44, 43, 44, 44, 44, 44, 44, 44, 43, 45, 46, 45, 44, 44, 43, 45, 41, 43, 44, 44, 44, 43, 44, 43, 45, 43, 44, 44, 45]

./youtube_vids/cooking3.mp4.wav 25
Maxs:[50, 51, 50, 50, 50, 48, 48, 50, 50, 49, 50, 50, 49, 50, 50, 49, 51, 50, 50, 50, 50, 49, 50, 49, 51, 50, 51, 50, 50, 50, 51, 50, 50, 50, 50, 50, 49, 50, 50, 50, 51, 50, 50, 50, 50, 50, 50, 50, 51, 51, 50, 50, 50, 48, 48, 50, 50, 50, 50]
Means:[45, 46, 46, 46, 44, 44, 45, 44, 46, 46, 47, 46, 46, 46, 46, 46, 46, 47, 46, 46, 46, 46, 46, 46, 46, 46, 47, 46, 47, 46, 47, 47, 46, 46, 46, 46, 46, 47, 46, 46, 46, 46, 46, 46, 46, 46, 46, 46, 46, 46, 47, 46, 46, 44, 44, 46, 46, 46, 46]
Mins:[32, 43, 43, 42, 40, 39, 41, 42, 43, 42, 45, 43, 41, 43, 42, 44, 43, 44, 44, 44, 44, 43, 41, 43, 44, 43, 42, 42, 43, 44, 43, 44, 43, 43, 43, 42, 44, 45, 43, 43, 44, 43, 43, 43, 42, 42, 43, 42, 43, 44, 43, 43, 43, 41, 41, 44, 42, 43, 43]

./youtube_vids/crowd_talking.mp4.wav
Maxs:[30, 29, 31, 31, 30, 31, 29, 30, 30, 31, 31, 32, 28, 30, 29, 30, 30, 30, 31, 29, 30, 29, 30, 31, 29, 31, 29, 29, 29, 29, 30, 30, 30, 30, 29, 30, 30, 30, 29, 30, 30, 29, 30, 30, 30, 31, 30, 30, 29, 31, 29, 31, 30, 31, 31, 31]
Means:[22, 22, 22, 22, 22, 23, 22, 22, 22, 22, 22, 23, 22, 23, 22, 23, 23, 22, 22, 22, 22, 23, 22, 22, 22, 22, 22, 23, 22, 22, 22, 23, 23, 22, 22, 23, 22, 23, 22, 22, 23, 22, 23, 22, 22, 22, 23, 22, 22, 22, 23, 23, 23, 23, 23, 22]
Mins:[15, 16, 15, 15, 16, 17, 15, 18, 14, 15, 16, 16, 16, 17, 16, 17, 17, 16, 16, 16, 16, 17, 16, 16, 15, 17, 14, 16, 16, 16, 15, 16, 15, 16, 15, 17, 15, 17, 15, 15, 17, 16, 17, 16, 17, 16, 17, 16, 16, 15, 17, 16, 17, 16, 17, 15]

./youtube_vids/dog_barking.mp4.wav
Maxs:[52, 52, 52, 50, 52, 52, 52, 52, 54, 51, 52, 53, 52, 53, 52, 52, 53, 54, 52, 52, 52, 52, 52, 54, 52, 52, 53, 52, 52, 53, 53, 52, 53, 52, 52, 52, 52, 52, 53, 52, 51, 52, 53, 52, 54, 52, 53, 53, 52, 52, 53, 52, 52, 52, 53, 52, 51, 52]
Means:[40, 37, 37, 34, 37, 41, 38, 39, 36, 35, 37, 39, 38, 41, 39, 33, 37, 42, 39, 37, 40, 33, 38, 39, 38, 41, 39, 36, 36, 41, 38, 38, 40, 36, 34, 40, 39, 39, 38, 36, 34, 40, 38, 43, 39, 33, 43, 38, 37, 41, 36, 34, 41, 38, 42, 38, 36, 35]
Mins:[18, 15, 16, 14, 12, 20, 19, 16, 16, 12, 18, 19, 14, 15, 16, 16, 13, 22, 17, 17, 21, 16, 16, 19, 14, 17, 16, 16, 13, 19, 17, 10, 17, 18, 12, 20, 13, 17, 12, 17, 11, 19, 13, 18, 16, 12, 19, 16, 15, 17, 17, 16, 18, 17, 14, 16, 12, 14]

./youtube_vids/keyboard.mp4.wav
Maxs:[50, 50, 49, 50, 50, 51, 52, 50, 51, 50, 52, 52, 50, 51, 51, 51, 51, 50, 50, 50, 50, 51, 52, 51, 49, 50, 49, 50, 49, 49, 49, 51, 50, 51, 52, 51, 50, 50, 50, 50, 49, 50, 50, 51, 49, 51, 51, 50, 50, 50, 51, 50, 52, 50, 51, 51, 49, 50, 51]
Means:[45, 45, 46, 47, 45, 45, 46, 44, 44, 45, 44, 45, 45, 45, 46, 45, 45, 45, 46, 46, 45, 46, 45, 45, 44, 44, 45, 44, 44, 44, 45, 45, 45, 46, 47, 45, 45, 46, 45, 45, 44, 44, 44, 44, 43, 45, 45, 44, 45, 46, 46, 46, 46, 46, 45, 45, 44, 45, 44]
Mins:[22, 40, 39, 40, 38, 38, 37, 37, 37, 35, 37, 38, 38, 38, 39, 36, 40, 38, 41, 40, 39, 40, 36, 39, 36, 37, 39, 37, 39, 36, 39, 37, 40, 42, 41, 39, 39, 38, 38, 38, 37, 34, 37, 36, 34, 36, 39, 36, 39, 40, 42, 38, 40, 40, 38, 37, 37, 37, 38]

./youtube_vids/punk_music.mp4.wav
Maxs:[50, 33, 52, 30, 30, 49, 30, 51, 36, 46, 35, 50, 31, 51, 40, 42, 37, 52, 51, 48, 49, 36, 39, 52, 39, 51, 31, 33, 42, 48, 51, 52, 49, 37, 49, 39, 33, 36, 53, 34, 35, 38, 34, 51, 44, 51, 37, 49, 34, 49]
Means:[30, 28, 30, 25, 24, 26, 26, 28, 28, 29, 28, 30, 24, 29, 27, 28, 32, 31, 27, 26, 30, 29, 29, 31, 30, 28, 25, 27, 26, 27, 28, 29, 28, 26, 25, 29, 26, 27, 30, 27, 27, 27, 27, 30, 30, 30, 29, 29, 25, 26]
Mins:[21, 22, 19, 19, 17, 19, 21, 22, 21, 21, 22, 19, 18, 23, 22, 23, 26, 23, 23, 22, 21, 23, 25, 21, 25, 22, 20, 20, 21, 20, 20, 18, 19, 19, 17, 19, 19, 19, 22, 18, 21, 19, 19, 16, 24, 23, 22, 22, 20, 20]

./youtube_vids/vaccume.mp4.wav
Maxs:[48, 28, 27, 27, 28, 27, 27, 28, 27, 27, 28, 27, 27, 28, 27, 27, 27, 28, 27, 28, 27, 27, 28, 27, 27, 28, 28, 27, 28, 28, 27, 28, 27, 27, 27, 27, 28, 28, 27, 27, 27, 28, 28, 28, 28, 28, 29, 28, 28, 28, 28, 28, 28, 28, 27, 28, 28, 28, 28]
Means:[26, 25, 25, 25, 25, 25, 25, 25, 25, 25, 25, 25, 25, 25, 25, 24, 25, 25, 25, 25, 25, 25, 25, 25, 25, 25, 25, 25, 25, 25, 25, 25, 25, 25, 25, 25, 25, 25, 25, 25, 25, 25, 25, 25, 25, 25, 25, 25, 25, 25, 25, 25, 25, 25, 25, 25, 25, 25, 25]
Mins:[23, 22, 23, 23, 23, 23, 23, 23, 24, 23, 23, 23, 23, 22, 23, 23, 23, 23, 23, 23, 24, 23, 23, 23, 23, 23, 23, 23, 23, 23, 24, 23, 23, 23, 23, 23, 23, 23, 23, 24, 23, 24, 24, 23, 23, 24, 23, 24, 24, 23, 23, 24, 23, 23, 23, 23, 24, 23, 23]
