./youtube_vids/classical_music.mp4.wav
Maxs:[75, 70, 39, 67, 69, 40, 48, 68, 59, 56, 70, 37, 37, 72, 47, 63, 71, 43, 57, 42, 71, 40, 45, 44, 71, 40, 68, 41, 71, 39, 48, 41, 44, 43, 71, 38, 39, 44, 42, 72, 39, 37, 31, 70, 33, 36, 70, 43, 40, 39, 70, 41, 39, 35, 71, 28, 69, 71, 47, 37, 71, 42, 36, 68, 69, 51, 70, 57, 64, 43, 42, 66, 61, 68, 32, 71, 70, 33, 61, 33, 66, 28, 71, 33, 48, 31, 28, 30, 32, 57, 37, 54, 35, 39, 57, 29, 53, 37, 31, 57, 70, 29, 71, 35, 31, 39, 28, 28, 32, 71, 30, 32, 29, 72, 34, 38, 34, 32, 71, 53, 71, 57, 44, 70, 49, 70, 71, 70, 57, 72, 46, 43, 65, 69, 61, 49, 68, 47, 36, 72, 28, 33, 31, 31, 34, 27, 40, 39, 39, 49, 70, 36, 40, 37, 36, 46, 70, 30, 44, 37, 72, 27, 52, 68, 35, 71, 32, 67, 67, 71, 49, 53, 67, 47, 48, 71, 67, 36, 37, 71, 45, 35, 71, 72, 57, 48, 44, 70, 47, 61, 70, 65]
Means:[27, 25, 24, 28, 26, 25, 23, 31, 35, 36, 29, 25, 24, 32, 23, 22, 24, 24, 26, 21, 26, 26, 27, 27, 24, 25, 27, 24, 31, 30, 32, 32, 32, 32, 39, 30, 31, 31, 31, 29, 22, 23, 19, 23, 22, 22, 22, 26, 24, 24, 24, 22, 22, 22, 26, 21, 29, 28, 24, 24, 25, 23, 21, 30, 27, 22, 38, 32, 35, 25, 27, 35, 39, 31, 21, 24, 24, 22, 24, 22, 23, 19, 17, 16, 19, 18, 16, 16, 16, 18, 20, 21, 18, 20, 19, 17, 17, 18, 20, 18, 17, 17, 22, 20, 21, 22, 20, 18, 19, 21, 17, 18, 19, 26, 23, 27, 23, 22, 26, 26, 27, 26, 24, 28, 27, 28, 41, 38, 33, 33, 28, 27, 33, 39, 38, 38, 40, 27, 25, 28, 19, 20, 18, 23, 20, 19, 23, 31, 31, 30, 22, 22, 23, 23, 21, 22, 28, 23, 25, 26, 25, 20, 35, 24, 23, 25, 20, 31, 24, 26, 28, 22, 25, 25, 25, 33, 35, 26, 25, 26, 22, 21, 28, 32, 36, 27, 30, 30, 33, 36, 31, 34]
Mins:[14, 12, 19, 14, 10, 15, 14, 14, 26, 19, 14, 12, 15, 18, 14, 10, 8, 13, 11, 9, 12, 16, 12, 15, 13, 14, 11, 12, 12, 23, 24, 21, 23, 22, 25, 23, 26, 24, 24, 14, 12, 12, 10, 13, 14, 11, 11, 14, 15, 14, 12, 13, 9, 12, 15, 12, 17, 17, 11, 14, 13, 11, 13, 16, 17, 12, 14, 11, 13, 14, 10, 12, 23, 12, 12, 13, 16, 12, 15, 17, 12, 13, 7, 8, 11, 9, 7, 9, 9, 11, 10, 14, 10, 9, 8, 9, 8, 10, 10, 9, 9, 8, 10, 13, 13, 13, 13, 12, 12, 11, 11, 12, 11, 14, 17, 16, 16, 15, 16, 15, 11, 16, 12, 15, 14, 13, 16, 20, 19, 13, 15, 14, 19, 16, 16, 31, 12, 19, 15, 10, 13, 13, 12, 16, 10, 12, 13, 25, 23, 25, 12, 9, 11, 12, 8, 11, 12, 17, 16, 17, 13, 14, 22, 11, 15, 10, 12, 16, 14, 13, 14, 13, 13, 11, 11, 15, 17, 15, 14, 11, 13, 11, 12, 17, 19, 14, 17, 18, 12, 18, 20, 15]

./youtube_vids/cooking.mp4.wav
Maxs:[49, 49, 49, 48, 51, 50, 38, 38, 38, 38, 37, 37, 37, 37, 37, 38, 38, 38, 38, 37, 47, 51, 50, 49, 49, 47, 38, 37, 37, 37, 37, 37, 37, 38, 38, 37, 38, 37, 38, 37, 49, 49, 49, 49, 49, 48, 36, 37, 37, 38, 38, 37, 39, 38, 37, 37, 37, 37]
Means:[41, 43, 43, 42, 42, 33, 33, 33, 33, 33, 33, 32, 33, 33, 33, 34, 34, 34, 34, 33, 41, 43, 44, 43, 41, 33, 33, 32, 33, 33, 32, 33, 33, 32, 33, 33, 33, 34, 34, 34, 41, 41, 41, 43, 43, 33, 33, 32, 34, 33, 33, 32, 33, 33, 34, 33, 33, 34]
Mins:[29, 31, 33, 31, 33, 27, 29, 28, 24, 30, 27, 23, 28, 25, 23, 32, 32, 31, 29, 28, 32, 32, 30, 34, 31, 23, 30, 25, 23, 28, 24, 23, 29, 23, 30, 28, 28, 30, 30, 29, 32, 31, 26, 32, 31, 29, 27, 23, 28, 27, 30, 26, 29, 29, 29, 29, 30, 31]

./youtube_vids/crowd_talking.mp4.wav
Maxs:[76, 19, 16, 21, 14, 21, 14, 19, 14, 20, 14, 17, 15, 20, 15, 20, 15, 20, 15, 19, 15, 20, 15, 19, 15, 20, 15, 20, 18, 20, 14, 21, 15, 21, 15, 20, 14, 20, 14, 21, 14, 19, 15, 20, 14, 20, 14, 20, 16, 21, 15, 19, 15, 20, 16, 21, 16, 18, 14, 21, 14, 20, 16, 20, 15, 21, 15, 19, 14, 21, 15, 20, 15, 19, 15, 20, 15, 19, 15, 20, 15, 20, 14, 20, 16, 20, 15, 19, 19, 15, 20, 14, 19, 20, 14, 19, 16, 21, 15, 20, 14, 18, 16, 15, 20, 20, 15, 19, 15, 21, 21, 17, 20, 14, 19, 15, 19, 16, 20, 16, 18, 15, 19, 19, 16, 19, 15, 17, 16, 15, 16, 17, 15, 15, 16, 15, 15, 15, 15, 16, 17, 20, 19, 16, 15, 15, 21, 15, 19, 15, 20, 15, 19, 16, 19, 15, 16, 20, 16, 20, 16, 20, 15, 19, 15, 17, 15, 15, 19, 17, 18, 14, 20, 15, 21, 15, 19, 15, 20, 15, 21, 16, 18, 15, 19, 16, 20, 15, 19, 16, 17, 15, 18, 15, 18, 15, 21, 15, 20, 16, 19, 15, 18, 15, 15, 20, 14, 21, 15, 18, 15, 17, 14, 20, 16, 21, 15, 20, 15, 20, 14, 20, 17, 20, 15, 19, 15, 20, 15, 20, 16, 20, 15, 20, 15, 20, 16, 19, 15, 18, 15, 19, 15, 19, 14, 19, 16, 20, 15, 18, 15, 21, 15, 19, 15, 19, 15, 20, 17, 19, 14, 18, 15, 19, 20, 15, 20, 15, 19, 15, 20, 15, 18, 15, 20, 15, 20, 16, 19, 15, 18, 15, 15, 20, 14, 20, 14, 19, 15, 21, 16, 17, 16, 18, 16, 19, 16, 20, 15, 18, 15, 18, 15, 19, 15, 20, 15, 17, 15, 17, 15, 19, 15, 20, 15, 19, 15, 20, 16, 21, 15, 18, 21, 15, 19, 15, 19, 15, 20, 15, 20, 16, 20, 15, 21, 15, 20, 16, 20, 15, 18, 16, 19, 15, 19, 15, 20, 15, 20, 15, 21, 16, 18, 15, 19, 15, 20, 16, 20, 16, 19, 16, 20, 15, 17, 14, 20, 14, 20, 14, 18, 16, 20, 15, 17, 14, 20, 14, 18, 16, 18, 15, 20, 16, 18, 14, 19, 17, 20, 15, 22, 14, 20, 16, 21, 15, 20, 15, 21, 16, 19, 16, 21, 15, 19, 15, 20, 14, 21, 14, 20, 16, 20, 16, 19, 14, 18, 14, 22, 15, 17, 16, 19, 16, 20, 16, 21, 15, 20, 15, 21, 15, 20, 16, 19, 14, 22, 15, 18, 20, 15, 21, 17, 18, 14, 20, 18, 20, 16, 20, 15, 20, 15, 19, 16, 22, 14, 18, 16, 20, 15, 21, 15, 19, 15, 20, 15, 20, 15, 20, 15, 17, 16, 18, 16, 19, 16, 18, 16, 19, 17, 18, 15, 19, 15, 19, 15, 20, 15, 21, 15, 20, 15, 20, 15, 18, 15, 20, 16, 21, 15, 20, 15, 18, 15, 21, 15, 17, 17, 18, 15, 18, 15, 21, 16, 18, 16, 21, 16, 20, 14, 15, 18, 15, 20, 15, 17, 17, 18, 16, 17, 15, 22, 15, 19, 15, 22, 16, 19, 15, 20, 14, 19, 15, 21, 15, 20, 15, 18, 14, 17, 20, 14, 18, 15, 21, 15, 20, 15, 21, 15, 14, 21]
Means:[12, 10, 10, 10, 9, 10, 10, 10, 9, 10, 10, 10, 10, 10, 9, 10, 9, 10, 10, 10, 10, 10, 10, 10, 10, 10, 10, 10, 10, 10, 9, 10, 10, 10, 10, 10, 9, 10, 10, 10, 10, 10, 10, 10, 10, 10, 10, 10, 10, 10, 10, 10, 10, 10, 10, 10, 9, 10, 10, 10, 9, 10, 10, 10, 9, 10, 10, 10, 9, 10, 10, 10, 10, 10, 9, 10, 10, 10, 10, 10, 10, 10, 9, 10, 10, 10, 9, 10, 10, 10, 10, 10, 10, 10, 9, 10, 10, 10, 10, 10, 10, 10, 9, 10, 10, 10, 10, 10, 10, 10, 10, 10, 10, 10, 10, 10, 10, 10, 10, 9, 10, 10, 10, 10, 10, 10, 10, 9, 9, 10, 10, 10, 10, 9, 10, 10, 10, 10, 10, 10, 10, 10, 10, 9, 10, 9, 10, 10, 10, 10, 10, 10, 10, 10, 10, 9, 10, 10, 9, 10, 10, 10, 10, 10, 10, 10, 10, 9, 10, 10, 10, 10, 10, 10, 10, 10, 10, 9, 10, 10, 10, 10, 10, 10, 10, 10, 10, 10, 10, 10, 10, 9, 10, 10, 10, 9, 10, 9, 10, 10, 10, 10, 10, 9, 10, 10, 10, 10, 10, 10, 9, 10, 9, 10, 10, 10, 9, 10, 10, 10, 10, 10, 10, 10, 10, 10, 9, 10, 10, 10, 10, 10, 10, 10, 10, 10, 10, 10, 9, 10, 10, 10, 10, 10, 10, 10, 10, 10, 10, 10, 10, 10, 10, 10, 10, 10, 9, 10, 10, 10, 9, 10, 10, 10, 10, 10, 10, 10, 10, 10, 10, 10, 10, 10, 10, 10, 10, 10, 10, 10, 10, 10, 10, 10, 9, 10, 10, 10, 10, 10, 10, 10, 10, 10, 10, 10, 10, 10, 10, 10, 9, 10, 10, 10, 10, 10, 10, 10, 10, 10, 10, 10, 10, 10, 9, 10, 10, 10, 10, 10, 10, 10, 10, 10, 10, 10, 10, 10, 10, 10, 10, 10, 10, 10, 10, 10, 10, 10, 10, 10, 10, 10, 10, 10, 10, 10, 10, 10, 10, 10, 10, 10, 10, 10, 10, 10, 10, 10, 10, 10, 10, 9, 10, 9, 10, 10, 10, 10, 10, 10, 10, 10, 10, 9, 10, 10, 10, 10, 10, 10, 10, 10, 10, 10, 10, 10, 10, 10, 10, 10, 10, 10, 10, 10, 10, 9, 10, 10, 10, 10, 10, 10, 10, 10, 10, 10, 10, 10, 10, 10, 10, 10, 10, 10, 10, 10, 10, 9, 10, 10, 10, 10, 10, 10, 10, 10, 10, 10, 10, 10, 10, 9, 10, 10, 10, 10, 10, 10, 10, 10, 10, 10, 10, 10, 10, 10, 10, 10, 10, 10, 10, 10, 10, 10, 10, 10, 10, 10, 10, 10, 10, 10, 10, 10, 10, 10, 10, 10, 10, 10, 10, 9, 10, 10, 10, 10, 10, 10, 10, 10, 10, 10, 10, 10, 10, 10, 10, 10, 10, 10, 10, 10, 10, 10, 10, 10, 10, 10, 10, 10, 10, 10, 10, 10, 10, 10, 10, 10, 10, 10, 10, 10, 10, 10, 10, 10, 10, 10, 10, 10, 10, 10, 10, 10, 10, 10, 10, 10, 10, 10, 10, 10, 10, 10, 10, 10, 10, 10, 10, 10, 10, 9, 10, 10, 10, 10, 10, 10, 10, 10, 10, 10, 10, 10, 10, 10, 10, 10, 10, 10, 10, 10, 10]
Mins:[6, 7, 6, 6, 6, 7, 7, 6, 6, 7, 7, 7, 7, 7, 6, 7, 6, 6, 7, 7, 6, 7, 7, 6, 6, 7, 6, 7, 6, 7, 6, 7, 7, 7, 6, 6, 6, 6, 6, 7, 6, 6, 7, 7, 6, 7, 6, 7, 6, 6, 6, 6, 6, 7, 6, 7, 6, 7, 6, 7, 7, 7, 6, 6, 6, 6, 6, 7, 6, 6, 7, 6, 7, 7, 6, 7, 7, 6, 7, 6, 6, 7, 7, 6, 6, 6, 6, 7, 7, 6, 6, 7, 6, 7, 6, 6, 6, 7, 6, 7, 7, 7, 6, 6, 7, 7, 7, 7, 6, 6, 7, 6, 7, 6, 7, 6, 6, 6, 6, 6, 6, 6, 6, 5, 7, 6, 7, 6, 7, 6, 6, 7, 6, 7, 6, 6, 7, 6, 6, 7, 6, 6, 6, 6, 6, 7, 6, 6, 6, 7, 6, 6, 6, 7, 6, 7, 6, 6, 6, 6, 6, 6, 6, 5, 7, 6, 7, 7, 6, 7, 6, 6, 6, 6, 6, 7, 6, 6, 6, 7, 6, 7, 6, 6, 6, 7, 6, 6, 6, 6, 6, 6, 6, 6, 6, 7, 6, 6, 6, 6, 6, 7, 6, 7, 6, 6, 6, 6, 7, 6, 6, 6, 7, 6, 7, 6, 7, 6, 6, 6, 6, 6, 7, 6, 7, 6, 7, 6, 7, 6, 7, 6, 6, 6, 7, 6, 6, 6, 7, 7, 7, 6, 6, 6, 7, 6, 6, 6, 7, 6, 6, 6, 6, 6, 7, 5, 6, 6, 6, 6, 7, 6, 7, 6, 6, 7, 6, 7, 6, 6, 6, 6, 6, 7, 6, 7, 6, 6, 6, 6, 5, 7, 7, 6, 7, 6, 7, 5, 7, 6, 6, 6, 7, 6, 6, 5, 7, 6, 6, 6, 6, 5, 7, 6, 6, 6, 7, 6, 7, 6, 7, 6, 7, 6, 7, 6, 6, 6, 7, 6, 7, 6, 5, 7, 6, 7, 6, 6, 6, 7, 6, 7, 6, 7, 6, 6, 6, 7, 5, 7, 6, 7, 6, 7, 6, 7, 6, 7, 6, 7, 6, 7, 6, 6, 5, 7, 6, 7, 6, 6, 6, 6, 6, 7, 6, 7, 6, 7, 6, 7, 6, 6, 6, 7, 6, 7, 6, 7, 6, 7, 5, 7, 6, 6, 6, 6, 6, 7, 6, 7, 6, 7, 6, 7, 6, 7, 5, 7, 6, 7, 6, 7, 6, 7, 6, 7, 6, 7, 6, 7, 6, 7, 5, 7, 6, 7, 6, 7, 6, 7, 6, 6, 6, 7, 6, 7, 6, 7, 6, 7, 6, 7, 6, 7, 6, 7, 6, 7, 6, 5, 7, 6, 7, 6, 7, 6, 7, 6, 7, 6, 7, 6, 7, 6, 7, 5, 7, 6, 7, 6, 7, 6, 7, 6, 7, 6, 7, 6, 8, 6, 6, 5, 7, 7, 7, 6, 6, 6, 7, 6, 7, 6, 7, 6, 7, 6, 7, 6, 7, 6, 7, 6, 7, 6, 8, 6, 7, 6, 7, 5, 7, 6, 7, 6, 7, 5, 7, 6, 7, 6, 7, 6, 6, 6, 7, 5, 7, 5, 7, 6, 7, 7, 5, 7, 6, 7, 6, 7, 6, 7, 5, 8, 7, 7, 6, 7, 5, 7, 6, 6, 6, 7, 6, 7, 6, 7, 6, 7, 5, 7, 6, 6, 7, 5, 7, 6, 7, 5, 7, 6, 7, 7, 5]

./youtube_vids/dog_barking.mp4.wav
Maxs:[97, 54, 97, 66, 65, 69, 72, 65, 47, 65, 78, 75, 95, 67, 44, 69, 77, 63, 91, 66, 51, 64, 78, 67, 92, 65, 47, 77, 71, 97, 67, 46, 62, 78, 72, 74, 65, 46, 61, 78, 76, 96, 76, 51, 71, 77, 68, 91, 94, 58, 58, 78, 74, 61, 81, 59, 64, 77, 76, 85, 81, 60, 62, 78, 77, 75, 77, 56, 77, 78, 79, 59, 75, 78, 77, 95, 60, 77, 45, 69, 65, 60, 76, 78, 46, 88, 64, 66, 59, 81, 63, 54, 65, 77, 57, 83, 65, 64, 77, 77, 96, 68, 64, 78, 69, 66, 66, 54, 64, 80, 68, 91, 66, 46, 67, 79, 68, 84, 64, 44, 64, 78, 67, 86, 67, 49, 78, 78, 65, 96, 67, 55, 67, 78, 74, 69, 66, 46, 61, 78, 81, 93, 73, 48, 70, 79, 76, 85, 87, 57, 57, 79, 67, 73, 88, 60, 74, 79, 77, 97, 90, 58, 66, 77, 78, 70, 71, 61, 61, 77, 78, 95, 85, 62, 78, 77, 69, 90, 60, 54, 78, 79, 76, 91, 65, 71, 77, 77, 45, 97, 62, 66, 76, 78, 60, 74, 64, 59, 63, 77, 74, 96, 66, 58, 71, 78, 62, 93, 66, 52, 62, 77, 70, 89, 65, 65, 78, 67, 85, 66, 44, 64, 78, 74, 78, 63, 45, 64, 78, 78, 97, 66, 47, 74, 78, 65, 95, 67, 55, 61, 77, 69, 63, 71, 53, 58, 77, 77, 88, 76, 65, 78, 77, 77, 81, 53, 55, 77, 75, 89, 82, 58, 75, 77, 78, 95, 96, 57, 63, 77, 78, 65, 66, 65, 59, 77, 80, 90, 90, 63, 66, 77, 79, 62, 84, 64, 52, 77, 78, 70, 85, 64, 77, 77, 61, 96, 60, 66, 64, 78, 54, 68, 66, 61, 65, 78, 67, 92, 66, 47, 69, 77, 63, 86, 65, 47, 65, 79, 65, 88, 67, 50, 74, 79, 64, 97, 67, 54, 65, 77, 68, 70, 65, 47, 65, 78, 75, 95, 66, 46, 71, 78, 76, 90, 66, 54, 58, 79, 67, 78, 91, 47, 71, 77, 70, 97, 93, 55, 67, 79, 76, 72, 73, 53, 58, 77, 77, 96, 75, 55, 71, 78, 78, 90, 92, 58, 57, 77, 78, 62, 82, 66, 65, 76, 77, 83, 88, 60, 60, 76, 77, 54, 76, 61, 55, 78, 78, 62, 97, 65, 73, 77, 78, 56, 94, 59, 60, 63, 77, 69, 70, 65, 60, 64, 65, 87, 67, 42, 63, 78, 76, 79, 64, 42, 65, 77, 77, 96, 66, 45, 76, 77, 61, 96, 68, 56, 64, 78, 69, 69, 66, 55, 59, 78, 90, 66, 45, 66, 79, 75, 83, 64, 50, 54, 78, 74, 72, 84, 59, 77, 78, 67, 96, 85, 56, 66, 79, 77, 67, 67, 58, 60, 77, 78, 92, 74, 57, 69, 78, 77, 84, 87, 59, 55, 78, 79, 72, 87, 64, 74, 78, 78, 84, 97, 61, 64, 77, 78, 47, 69, 66, 61, 78, 78, 55, 94, 66, 71, 76, 78, 52, 89, 65, 53, 63, 79, 65, 90, 65, 71, 65, 78, 57, 97, 67, 55, 67, 79, 71, 72, 65, 48, 64, 77, 75, 95, 67, 44, 71, 78, 64, 92, 66, 51, 78, 68, 93, 65, 48, 66, 77, 72, 97, 66, 46, 60, 78, 73, 76, 63, 47, 57, 77, 77, 96, 77, 55, 73, 78, 65, 92, 94, 59, 59, 77, 74, 61, 74, 59, 61, 78, 86, 76, 58, 63, 77, 78, 77, 79, 60, 57, 77, 77, 97, 81, 64, 75, 78, 77, 77, 95, 60, 63, 77, 78, 44, 69, 65, 59, 77, 79, 44, 89, 65, 66, 63, 79, 61, 82, 63, 55, 66, 78, 58, 83, 66, 48, 77, 78, 61, 95, 67, 55, 65, 79, 70, 66, 66, 49, 65, 81, 74, 92, 67, 68, 78, 68, 86, 64, 64, 78, 65, 86, 67, 50, 73, 78, 68, 96, 66, 53, 65, 78, 70, 69, 66, 47, 61, 77, 76, 93, 71, 48, 70, 78, 76, 86, 88, 57, 57, 79, 68, 75, 90, 60, 70, 78, 77, 97, 90, 66, 78, 78, 71, 72, 64]
Means:[41, 27, 46, 29, 24, 29, 34, 31, 20, 30, 42, 31, 28, 32, 25, 32, 35, 30, 42, 34, 22, 31, 40, 29, 28, 33, 24, 37, 29, 41, 30, 26, 27, 38, 32, 33, 34, 23, 23, 42, 32, 27, 37, 25, 26, 37, 30, 41, 38, 25, 25, 41, 31, 26, 35, 28, 25, 37, 31, 37, 33, 25, 25, 37, 30, 33, 38, 21, 37, 35, 33, 28, 23, 35, 33, 44, 28, 35, 26, 33, 32, 23, 33, 37, 27, 37, 28, 25, 29, 41, 30, 21, 32, 42, 28, 32, 31, 22, 32, 37, 48, 29, 33, 38, 27, 31, 34, 22, 29, 39, 30, 32, 30, 24, 31, 36, 31, 39, 35, 22, 30, 42, 30, 28, 34, 23, 29, 39, 29, 45, 30, 27, 25, 38, 31, 30, 35, 24, 23, 41, 31, 28, 35, 25, 26, 39, 30, 39, 38, 24, 25, 43, 31, 28, 35, 27, 25, 38, 31, 38, 37, 26, 27, 35, 31, 31, 35, 27, 21, 38, 37, 29, 32, 30, 33, 35, 31, 44, 29, 23, 36, 38, 26, 31, 31, 24, 33, 38, 27, 44, 28, 26, 32, 36, 28, 37, 29, 22, 31, 42, 30, 30, 32, 23, 31, 36, 29, 46, 32, 21, 32, 38, 29, 30, 34, 31, 38, 30, 38, 29, 24, 31, 35, 31, 34, 34, 22, 28, 41, 31, 30, 34, 24, 28, 36, 30, 44, 32, 27, 25, 41, 30, 27, 36, 25, 24, 39, 30, 34, 33, 25, 38, 30, 36, 37, 24, 22, 43, 31, 30, 35, 26, 24, 36, 31, 37, 40, 26, 27, 37, 31, 28, 34, 30, 22, 36, 35, 29, 35, 29, 23, 32, 36, 29, 43, 29, 22, 37, 40, 27, 32, 30, 23, 33, 27, 48, 27, 26, 32, 37, 27, 33, 32, 22, 30, 41, 29, 30, 30, 22, 35, 35, 29, 43, 33, 21, 33, 40, 29, 31, 33, 22, 33, 37, 30, 44, 30, 27, 30, 36, 31, 31, 34, 22, 27, 39, 33, 28, 33, 26, 28, 37, 30, 42, 34, 25, 25, 43, 30, 27, 36, 26, 25, 39, 30, 42, 31, 27, 26, 36, 31, 32, 36, 24, 22, 40, 33, 30, 33, 28, 24, 35, 32, 35, 42, 26, 25, 36, 34, 27, 32, 30, 23, 36, 34, 32, 37, 27, 26, 33, 35, 28, 39, 28, 22, 34, 41, 28, 31, 30, 23, 32, 35, 27, 48, 28, 25, 32, 39, 27, 31, 33, 23, 30, 28, 38, 28, 23, 32, 36, 29, 39, 32, 20, 31, 42, 30, 31, 34, 21, 31, 36, 30, 43, 31, 25, 30, 38, 30, 28, 36, 24, 26, 37, 33, 32, 25, 26, 37, 31, 40, 34, 24, 23, 45, 30, 27, 37, 25, 25, 39, 30, 44, 32, 26, 26, 38, 30, 29, 35, 27, 23, 38, 32, 31, 33, 27, 24, 37, 32, 34, 41, 28, 23, 40, 35, 29, 31, 30, 24, 36, 35, 33, 43, 28, 26, 33, 34, 28, 36, 29, 22, 33, 41, 28, 30, 30, 25, 32, 36, 28, 45, 31, 22, 34, 40, 28, 30, 32, 23, 31, 40, 27, 44, 29, 24, 32, 36, 30, 34, 32, 20, 29, 41, 32, 28, 33, 24, 31, 35, 30, 42, 34, 23, 40, 29, 28, 34, 24, 28, 37, 30, 40, 30, 27, 26, 37, 32, 35, 34, 23, 22, 43, 31, 28, 36, 26, 25, 37, 29, 41, 36, 25, 25, 41, 31, 27, 35, 28, 25, 31, 36, 33, 26, 24, 36, 31, 33, 38, 27, 21, 38, 36, 30, 33, 29, 23, 34, 34, 30, 45, 28, 25, 35, 36, 26, 33, 33, 23, 31, 38, 28, 36, 28, 24, 31, 37, 28, 42, 31, 21, 32, 42, 29, 31, 32, 21, 33, 37, 28, 47, 28, 25, 32, 37, 29, 31, 33, 23, 29, 38, 32, 30, 31, 31, 36, 31, 40, 35, 29, 42, 29, 28, 35, 24, 29, 38, 29, 45, 30, 28, 25, 38, 31, 31, 34, 24, 23, 42, 31, 28, 35, 25, 26, 38, 30, 39, 38, 25, 25, 42, 31, 28, 34, 28, 25, 37, 32, 38, 37, 27, 36, 30, 32, 35, 27]
Mins:[10, 3, 5, 5, 6, 6, 3, 5, 3, 5, 7, 6, 3, 6, 6, 5, 7, 5, 3, 5, 5, 4, 7, 5, 3, 5, 5, 6, 7, 3, 6, 4, 4, 6, 7, 4, 3, 4, 3, 8, 5, 3, 5, 6, 6, 6, 6, 3, 7, 4, 3, 6, 6, 3, 3, 6, 4, 7, 7, 3, 5, 4, 3, 7, 6, 4, 3, 4, 5, 6, 5, 5, 7, 5, 6, 5, 6, 5, 3, 4, 6, 4, 5, 6, 4, 5, 5, 3, 4, 4, 4, 5, 6, 6, 4, 5, 5, 5, 6, 6, 4, 4, 6, 6, 3, 4, 5, 3, 5, 6, 5, 4, 5, 4, 3, 6, 5, 3, 6, 5, 4, 7, 4, 3, 7, 5, 7, 7, 6, 3, 5, 6, 5, 6, 7, 3, 7, 5, 3, 7, 5, 4, 6, 5, 3, 7, 5, 3, 5, 5, 4, 7, 6, 3, 5, 5, 5, 9, 9, 3, 5, 4, 6, 6, 6, 3, 4, 5, 3, 6, 7, 3, 5, 6, 6, 9, 3, 5, 5, 4, 6, 7, 3, 5, 5, 6, 5, 7, 3, 5, 4, 5, 5, 6, 4, 3, 5, 3, 6, 7, 6, 3, 6, 6, 5, 6, 3, 4, 6, 3, 6, 6, 3, 3, 6, 4, 7, 7, 3, 5, 4, 5, 6, 7, 3, 4, 5, 4, 6, 4, 4, 9, 5, 5, 6, 7, 3, 6, 4, 3, 6, 8, 3, 4, 6, 4, 6, 7, 3, 5, 3, 7, 5, 4, 4, 5, 5, 6, 7, 4, 5, 5, 6, 5, 6, 4, 6, 5, 4, 7, 7, 3, 5, 6, 3, 6, 6, 4, 6, 5, 3, 5, 6, 3, 4, 6, 5, 6, 7, 3, 5, 5, 5, 7, 3, 5, 5, 6, 6, 6, 3, 3, 5, 3, 6, 6, 5, 4, 6, 3, 6, 7, 5, 3, 7, 4, 5, 6, 3, 3, 5, 5, 6, 9, 6, 3, 6, 5, 5, 6, 7, 3, 5, 5, 3, 6, 6, 4, 6, 5, 4, 6, 5, 3, 5, 5, 4, 7, 7, 4, 4, 5, 5, 7, 8, 3, 5, 4, 5, 6, 7, 4, 4, 5, 3, 9, 7, 3, 4, 6, 6, 6, 7, 3, 6, 4, 3, 5, 6, 3, 3, 6, 5, 7, 7, 3, 4, 5, 6, 6, 6, 4, 3, 4, 3, 6, 6, 3, 5, 7, 6, 5, 5, 3, 5, 6, 3, 6, 7, 3, 3, 7, 3, 5, 3, 4, 5, 4, 6, 5, 4, 4, 4, 5, 6, 6, 6, 4, 9, 5, 6, 6, 7, 3, 5, 6, 4, 7, 7, 3, 5, 5, 4, 7, 4, 4, 5, 3, 6, 5, 4, 4, 5, 4, 6, 6, 3, 5, 5, 6, 6, 7, 3, 5, 4, 5, 7, 6, 3, 6, 5, 3, 6, 5, 3, 5, 5, 3, 7, 5, 3, 5, 6, 4, 6, 7, 3, 6, 5, 5, 7, 9, 4, 4, 5, 7, 6, 6, 3, 5, 5, 3, 6, 6, 4, 5, 6, 4, 6, 7, 5, 4, 5, 4, 6, 6, 3, 4, 5, 6, 6, 7, 4, 3, 4, 6, 4, 6, 7, 3, 4, 5, 3, 7, 7, 3, 6, 6, 5, 7, 5, 3, 6, 4, 7, 4, 3, 5, 6, 4, 6, 7, 3, 5, 5, 5, 6, 7, 4, 3, 4, 3, 7, 5, 3, 5, 6, 6, 7, 5, 3, 5, 4, 3, 7, 7, 3, 3, 6, 3, 7, 3, 5, 4, 4, 8, 5, 4, 4, 4, 5, 5, 7, 4, 5, 6, 5, 6, 7, 3, 6, 5, 3, 5, 7, 3, 4, 5, 3, 6, 6, 4, 5, 5, 3, 5, 5, 4, 5, 5, 4, 6, 7, 4, 5, 5, 5, 7, 7, 3, 4, 4, 5, 6, 5, 3, 4, 5, 5, 3, 6, 5, 4, 6, 3, 7, 5, 3, 7, 4, 7, 5, 3, 7, 5, 5, 7, 6, 4, 5, 5, 6, 6, 8, 3, 5, 4, 3, 6, 6, 4, 8, 5, 4, 7, 5, 4, 5, 5, 4, 6, 6, 3, 5, 5, 5, 10, 8, 3, 5, 5, 5, 6, 3, 4, 5]

./youtube_vids/keyboard.mp4.wav
Maxs:[97, 53, 58, 45, 60, 59, 49, 61, 56, 52, 42, 45, 54, 34, 54, 53, 40, 59, 50, 46, 57, 60, 59, 58, 56, 57, 33, 38, 53, 44, 50, 53, 51, 48, 61, 56, 50, 60, 54, 48, 55, 42, 54, 51, 50, 51, 49, 38, 51, 55, 57, 51, 58, 56, 60, 57, 52, 42, 45, 51, 48, 52, 51, 40, 53, 59, 56, 59, 60, 53, 60, 51, 47, 51, 51, 53, 50, 53, 50, 57, 55, 56, 55, 59, 59, 54, 62, 52, 51, 50, 50, 54, 48, 53, 46, 40, 55, 49, 50, 57, 57, 60, 60, 54, 37, 47, 50, 50, 44, 51, 52, 38, 41, 51, 58, 60, 57, 47, 60, 49, 51, 53, 54, 52, 53, 52, 35, 48, 46, 50, 51, 59, 59, 59, 56, 36, 38, 53, 36, 51, 52, 39, 59, 49, 54, 58, 58, 53, 58, 44, 48, 51, 53, 52, 53, 50, 51, 41, 48, 55, 59, 58, 57, 52, 36, 42, 53, 37, 50, 51, 52, 45, 60, 58, 49, 60, 50, 54, 44, 38, 48, 52, 52, 34, 54, 53, 42, 59, 58, 55, 58, 58, 58, 60, 55, 50, 40, 42, 50, 45, 53, 50, 39, 58, 52, 52, 60, 56, 61, 59, 34, 50, 52, 53, 43, 52, 51, 52, 44, 60, 50, 51, 59, 60, 51, 48, 46, 42, 54, 43, 51, 52, 49, 45, 53, 57, 58, 60, 60, 61, 32, 46, 51, 51, 52, 48, 51, 52, 42, 58, 58, 45, 57, 57, 59, 60, 53, 51, 49, 52, 53, 55, 51, 45, 44, 51, 55, 51, 57, 62, 54, 38, 51, 48, 49, 47, 51, 53, 45, 38, 57, 59, 50, 57, 57, 59, 52, 51, 46, 52, 53, 51, 52, 49, 40, 49, 48, 50, 58, 51, 61, 61, 38, 35, 51, 51, 42, 52, 51, 54, 43, 56, 55, 59, 59, 55, 62, 57, 52, 51, 51, 54, 36, 52, 51, 36, 55, 48, 50, 43, 57, 60, 61, 53, 37, 46, 51, 50, 44, 51, 54, 38, 41, 51, 58, 60, 58, 48, 60, 49, 51, 53, 53, 54, 53, 51, 41, 41, 48, 49, 50, 59, 59, 59, 56, 36, 41, 39, 53, 51, 50, 52, 47, 59, 53, 49, 54, 58, 53, 58, 44, 48, 51, 54, 51, 53, 41, 57, 55, 59, 59, 57, 57, 52, 35, 42, 53, 47, 49, 51, 52, 44, 60, 58, 47, 60, 57, 43, 53, 38, 49, 52, 52, 34, 54, 53, 42, 49, 59, 55, 46, 58, 58, 60, 55, 50, 40, 50, 45, 53, 50, 39, 58, 52, 53, 60, 59, 61, 60, 33, 51, 44, 53, 52, 52, 50, 52, 44, 61, 54, 52, 58, 57, 57, 59, 48, 49, 50, 54, 44, 50, 52, 49, 44, 54, 56, 57, 60, 51, 60, 50, 40, 51, 51, 52, 32, 51, 52, 42, 58, 58, 45, 57, 57, 59, 60, 51, 49, 46, 52, 55, 51, 51, 44, 49, 55, 51, 59, 55, 59, 62, 36, 51, 48, 49, 36, 51, 52, 45, 38, 57, 58, 50, 57, 57, 59, 52, 51, 46, 52, 53, 52, 53, 49, 40, 49, 47, 50, 58, 58, 61, 61, 56, 35, 50, 51, 45, 48, 52, 54, 43, 47, 56, 60, 59, 55, 51, 62, 52, 51, 50, 54, 51, 52, 51, 36, 56, 48, 50, 45, 58, 54, 61, 54, 36, 46, 50, 50, 43, 51, 52, 38, 41, 51, 58, 59, 57, 47, 60, 49, 51, 53, 53, 54, 53, 44, 41, 49]
Means:[30, 28, 28, 29, 30, 29, 30, 30, 27, 24, 25, 25, 27, 24, 30, 26, 25, 30, 28, 29, 31, 30, 29, 30, 27, 25, 24, 24, 25, 25, 27, 27, 26, 27, 30, 29, 30, 29, 29, 29, 27, 24, 27, 27, 24, 26, 26, 25, 26, 30, 32, 29, 30, 30, 28, 26, 23, 25, 25, 25, 25, 28, 27, 25, 28, 29, 29, 29, 29, 29, 28, 26, 26, 27, 26, 25, 26, 26, 25, 28, 30, 28, 30, 28, 29, 30, 30, 26, 25, 26, 25, 26, 25, 27, 27, 25, 27, 27, 31, 28, 29, 30, 28, 26, 24, 26, 25, 25, 25, 27, 26, 26, 26, 30, 29, 29, 30, 28, 28, 24, 26, 26, 28, 25, 26, 28, 24, 27, 28, 31, 31, 29, 30, 29, 26, 24, 24, 25, 25, 28, 25, 26, 28, 28, 30, 30, 29, 30, 27, 25, 25, 26, 27, 26, 26, 27, 26, 27, 30, 30, 30, 30, 29, 25, 25, 25, 25, 24, 27, 27, 24, 27, 29, 31, 30, 29, 31, 29, 27, 24, 26, 27, 27, 24, 27, 25, 25, 28, 29, 32, 28, 28, 30, 27, 25, 25, 24, 24, 26, 26, 29, 26, 26, 29, 29, 29, 27, 30, 28, 27, 24, 26, 28, 27, 25, 26, 27, 27, 27, 29, 31, 28, 28, 29, 26, 25, 25, 26, 26, 24, 28, 26, 25, 28, 29, 30, 28, 29, 32, 28, 24, 26, 26, 25, 26, 24, 26, 26, 27, 28, 30, 30, 29, 29, 31, 29, 25, 26, 27, 26, 26, 26, 28, 26, 26, 29, 32, 30, 31, 28, 25, 25, 26, 26, 25, 25, 27, 28, 24, 27, 28, 30, 27, 28, 30, 29, 26, 25, 25, 25, 26, 24, 27, 26, 26, 27, 30, 30, 29, 29, 30, 29, 24, 25, 26, 25, 24, 26, 27, 26, 27, 29, 30, 28, 28, 31, 29, 26, 24, 27, 25, 27, 24, 27, 27, 25, 28, 27, 30, 28, 30, 30, 29, 25, 25, 26, 25, 26, 24, 27, 26, 26, 26, 30, 29, 29, 30, 28, 28, 25, 26, 26, 27, 26, 26, 27, 25, 26, 28, 30, 31, 29, 31, 29, 26, 25, 25, 24, 25, 25, 27, 26, 25, 27, 28, 29, 30, 30, 30, 27, 25, 25, 26, 28, 26, 28, 26, 27, 31, 30, 30, 29, 27, 25, 24, 26, 24, 25, 26, 27, 26, 26, 29, 30, 30, 29, 30, 28, 28, 23, 27, 26, 27, 24, 26, 26, 24, 27, 29, 32, 28, 30, 30, 27, 25, 24, 24, 25, 26, 28, 27, 25, 29, 29, 29, 28, 29, 30, 27, 24, 26, 27, 27, 26, 25, 26, 28, 27, 29, 32, 28, 27, 29, 29, 27, 26, 25, 26, 27, 24, 28, 27, 25, 28, 29, 30, 27, 29, 32, 28, 25, 25, 27, 25, 26, 23, 28, 26, 27, 28, 29, 30, 30, 28, 31, 29, 25, 27, 25, 26, 26, 27, 28, 26, 29, 31, 30, 29, 31, 27, 27, 24, 26, 25, 26, 24, 27, 28, 25, 27, 29, 30, 27, 28, 29, 30, 26, 24, 26, 25, 26, 24, 27, 27, 25, 27, 30, 30, 29, 30, 30, 28, 25, 25, 25, 25, 25, 25, 27, 27, 26, 27, 30, 29, 28, 31, 28, 28, 24, 27, 26, 26, 25, 26, 28, 25, 27, 27, 30, 28, 29, 29, 30, 26, 25, 26, 25, 25, 25, 27, 26, 25, 26, 29, 30, 29, 30, 29, 28, 25, 26, 25, 27, 27, 27, 25, 26, 28]
Mins:[20, 20, 17, 20, 18, 19, 17, 20, 15, 16, 18, 16, 18, 17, 18, 16, 17, 19, 21, 20, 16, 18, 19, 20, 18, 13, 17, 17, 15, 17, 19, 17, 17, 18, 18, 18, 19, 17, 19, 21, 17, 17, 18, 18, 16, 18, 17, 17, 18, 20, 17, 19, 19, 17, 18, 19, 16, 17, 15, 18, 17, 18, 17, 17, 20, 19, 16, 21, 20, 18, 21, 16, 18, 17, 16, 17, 18, 16, 17, 14, 18, 18, 17, 18, 18, 17, 18, 18, 16, 19, 16, 17, 17, 17, 17, 17, 17, 18, 18, 20, 20, 19, 19, 15, 18, 19, 16, 14, 15, 17, 19, 16, 19, 20, 16, 18, 18, 16, 17, 14, 17, 16, 17, 18, 17, 17, 17, 17, 17, 19, 18, 18, 20, 17, 17, 18, 17, 17, 18, 17, 14, 18, 18, 19, 17, 19, 19, 20, 18, 17, 17, 16, 17, 16, 18, 18, 17, 18, 18, 17, 20, 20, 16, 17, 14, 17, 16, 17, 18, 18, 16, 19, 20, 19, 20, 19, 18, 19, 16, 14, 16, 19, 18, 17, 17, 17, 17, 20, 18, 20, 18, 17, 18, 17, 17, 18, 15, 17, 16, 19, 17, 18, 17, 18, 19, 19, 18, 19, 19, 16, 18, 16, 16, 18, 18, 17, 17, 17, 18, 20, 20, 15, 19, 19, 17, 16, 18, 17, 16, 17, 17, 16, 15, 20, 20, 16, 17, 18, 19, 18, 16, 17, 19, 17, 16, 17, 17, 18, 17, 21, 19, 15, 19, 19, 19, 18, 15, 18, 15, 18, 19, 17, 18, 17, 19, 20, 20, 16, 20, 18, 16, 17, 18, 19, 17, 17, 19, 17, 16, 19, 17, 20, 19, 19, 18, 20, 18, 15, 17, 17, 17, 15, 17, 18, 19, 16, 20, 19, 18, 20, 20, 19, 17, 14, 18, 18, 15, 17, 17, 17, 18, 18, 17, 17, 18, 17, 18, 17, 17, 18, 16, 17, 17, 18, 16, 16, 17, 19, 19, 21, 19, 18, 19, 16, 18, 19, 16, 14, 15, 17, 17, 16, 19, 20, 16, 18, 19, 17, 18, 17, 18, 16, 17, 17, 17, 18, 16, 17, 17, 20, 17, 19, 20, 18, 17, 18, 17, 16, 17, 19, 17, 14, 18, 18, 19, 17, 19, 19, 20, 18, 17, 16, 16, 17, 15, 18, 18, 17, 17, 17, 20, 17, 18, 18, 14, 18, 16, 17, 17, 18, 17, 18, 20, 20, 19, 19, 18, 19, 16, 16, 14, 18, 18, 17, 18, 17, 17, 21, 19, 20, 18, 18, 18, 17, 17, 18, 16, 17, 15, 18, 18, 17, 18, 20, 20, 17, 19, 19, 19, 16, 18, 16, 16, 17, 18, 17, 18, 18, 20, 20, 15, 20, 16, 20, 17, 16, 16, 16, 17, 17, 18, 17, 15, 17, 20, 16, 17, 18, 19, 18, 17, 16, 18, 17, 18, 17, 17, 17, 17, 21, 19, 16, 19, 20, 18, 17, 18, 17, 17, 19, 17, 15, 17, 18, 19, 20, 16, 18, 20, 18, 16, 17, 16, 18, 17, 18, 18, 18, 16, 19, 16, 18, 19, 20, 18, 18, 18, 17, 17, 19, 17, 16, 17, 17, 19, 16, 19, 19, 18, 19, 20, 17, 18, 18, 19, 18, 19, 15, 17, 17, 18, 18, 17, 17, 18, 17, 19, 17, 16, 19, 16, 17, 17, 17, 17, 16, 17, 18, 18, 19, 20, 19, 19, 15, 19, 18, 15, 14, 18, 17, 17, 16, 20, 20, 16, 18, 19, 16, 17, 17, 19, 16, 17, 17, 18, 16, 16, 17]

./youtube_vids/punk_music.mp4.wav
Maxs:[96, 13, 98, 11, 12, 98, 18, 95, 17, 20, 17, 98, 10, 14, 13, 98, 13, 14, 13, 76, 18, 18, 97, 83, 13, 35, 14, 15, 97, 15, 85, 14, 94, 18, 16, 43, 48, 94, 16, 71, 23, 12, 12, 93, 13, 15, 98, 12, 15, 98, 27, 95, 19, 50, 14, 26, 76, 13, 40, 38, 55, 78, 29, 29, 13, 15, 93, 20, 71, 15, 13, 13, 10, 98, 14, 97, 17, 13, 97, 18, 97, 20]
Means:[27, 10, 13, 8, 8, 11, 9, 12, 9, 10, 10, 13, 8, 8, 9, 14, 9, 9, 9, 17, 13, 14, 16, 10, 7, 10, 10, 10, 14, 10, 12, 10, 16, 9, 9, 10, 16, 11, 9, 11, 11, 9, 9, 13, 9, 9, 16, 8, 8, 14, 11, 15, 10, 12, 8, 9, 12, 10, 10, 12, 14, 20, 9, 10, 10, 10, 16, 13, 15, 10, 10, 8, 7, 12, 10, 15, 10, 9, 11, 9, 12, 13]
Mins:[8, 9, 7, 7, 7, 7, 8, 8, 5, 5, 7, 7, 6, 6, 7, 7, 7, 7, 8, 9, 11, 10, 6, 5, 5, 7, 7, 8, 9, 7, 7, 8, 7, 7, 8, 7, 7, 7, 7, 7, 5, 6, 7, 6, 6, 7, 7, 5, 6, 6, 7, 7, 7, 6, 6, 5, 6, 7, 6, 6, 6, 6, 6, 6, 7, 8, 6, 9, 9, 8, 8, 5, 5, 5, 8, 7, 7, 7, 6, 7, 7, 11]

./youtube_vids/dog__no_barking.mp4.wav
Maxs:[97, 97, 97, 97, 97, 97, 97, 97, 97, 97, 97, 97, 97, 97, 97, 97, 97, 97, 97, 97, 97, 97, 97, 97, 97, 97, 97, 97, 97, 97, 97, 97, 97, 97, 97, 97, 97, 97, 97, 97, 97, 97, 97, 97, 97, 97, 97, 97, 97, 97, 97, 97, 97, 97, 97, 97, 97, 97, 97, 97, 97, 97, 97, 97, 97, 97, 97, 97, 97, 97, 97, 97, 97, 97, 97, 97, 97, 97, 97, 97, 97, 97, 97, 97, 97, 97, 97, 97, 97, 97, 97, 97, 97, 97, 97, 97, 97, 97, 97, 97, 97, 97, 97, 97, 97, 97, 97, 97, 97, 97, 97, 97, 97, 97, 97, 97, 97, 97, 97, 97, 97, 97, 97, 97, 97, 97, 97, 97, 97, 97, 97, 97, 97, 97, 97, 97, 97, 97, 97, 97, 97, 97, 97, 97, 97, 97, 97, 97, 97, 97, 97, 97, 97, 97, 97, 97, 97, 97, 97, 97, 97, 97, 97, 97, 97, 97, 97, 97, 97, 97, 97, 97, 97, 97, 97, 97, 97, 97, 97, 97, 97, 97, 97, 97, 97, 97, 97, 97, 97, 97, 97, 97, 97, 97, 97, 97, 97, 97, 97, 97, 97, 97, 97, 97, 97, 97, 97, 97, 97, 97, 97, 97, 97, 97, 97, 97, 97, 97, 97, 97, 97, 97, 97, 97, 97, 97, 97, 97, 97, 97, 97, 97, 97, 97, 97, 97, 97, 97, 97, 97, 97, 97, 97, 97, 97, 97, 97, 97, 97, 97, 97, 97, 97, 97, 97, 97, 97, 97, 97, 97, 97, 97, 97, 97, 97, 97, 97, 97, 97, 97, 97, 97, 97, 97, 97, 97, 97, 97, 97, 97, 97, 97, 97, 97, 97, 97, 97, 97, 97, 97, 97, 97, 97, 97, 97, 97, 97, 97, 97, 97, 97, 97, 97, 97, 97, 97, 97, 97, 97, 97, 97, 97, 97, 97, 97, 97, 97, 97, 97, 97, 97, 97, 97, 97, 97, 97, 97, 97, 97, 97, 97, 97, 97, 97, 97, 97, 97, 97, 97, 97, 97, 97, 97, 97, 97, 97, 97, 97, 97, 97, 97, 97, 97, 97, 97, 97, 97, 97, 97, 97, 97, 97, 97, 97, 97, 97, 97, 97, 97, 97, 97, 97, 97, 97, 97, 97, 97, 97, 97, 97, 97, 97, 97, 97, 97, 97, 97, 97, 97, 97, 97, 97, 97, 97, 97, 97, 97, 97, 97, 97, 97, 97, 97, 97, 97, 97, 97, 97, 97, 97, 97, 97, 97, 97, 97, 97, 97, 97, 97, 97, 97, 97, 97, 97, 97, 97, 97, 97, 97, 97, 97, 97, 97, 97, 97, 97, 97, 97, 97, 97, 97, 97, 97, 97, 97, 97, 97, 97, 97, 97, 97, 97, 97, 97, 97, 97, 97, 97, 97, 97, 97, 97, 97, 97, 97, 97, 97, 97, 97, 97, 97, 97, 97, 97, 97, 97, 97, 97, 97, 97, 97, 97, 97, 97, 97, 97, 97, 97, 97, 97, 97, 97, 97, 97, 97, 97, 97, 97, 97, 97, 97, 97, 97, 97, 97, 97, 97, 97, 97, 97, 97, 97, 97, 97, 97, 97, 97, 97, 97, 97, 97, 97, 97, 97, 97, 97, 97, 97, 97, 97, 97, 97, 97, 97, 97, 97, 97, 97, 97, 97, 97, 97, 97, 97, 97, 97, 97, 97, 97, 97, 97, 97, 97, 97, 97, 97, 97, 97, 97, 97, 97, 97, 97, 97, 97, 97, 97, 97, 97, 97, 97, 97, 97, 97, 97, 97, 97, 97, 97, 97, 97, 97, 97, 97, 97, 97, 97, 97, 97, 97, 97, 97, 97, 97, 97, 97, 97, 97, 97, 97, 97, 97, 97, 97, 97, 97, 97, 97, 97, 97, 97, 97, 97, 97, 97, 97, 97, 97, 97, 97, 97, 97, 97, 97, 97, 97, 97, 97, 97, 97, 97, 97, 97, 97, 97, 97, 97, 97, 97, 97, 97, 97, 97, 97, 97, 97, 97, 97, 97, 97, 97, 97, 97, 97, 97, 97, 97, 97, 97, 97, 97, 97, 97, 97, 97, 97, 97, 97, 97, 97, 97, 97, 97, 97, 97, 97, 97, 97, 97, 97, 97, 97, 97, 97, 97, 97, 97, 97, 97, 97, 97, 97, 97, 97, 97, 97, 97, 97, 97, 97, 97, 97, 97, 97]
Means:[84, 77, 84, 78, 76, 80, 78, 79, 79, 75, 78, 80, 77, 79, 82, 78, 79, 80, 82, 79, 82, 78, 76, 80, 80, 81, 79, 78, 82, 83, 76, 83, 83, 72, 76, 85, 83, 84, 83, 73, 71, 82, 77, 78, 75, 76, 84, 82, 82, 79, 82, 79, 83, 79, 77, 79, 75, 76, 84, 82, 82, 78, 78, 76, 80, 80, 78, 80, 78, 73, 82, 81, 80, 81, 79, 81, 80, 79, 81, 79, 80, 77, 79, 79, 84, 81, 75, 83, 83, 78, 82, 82, 77, 81, 85, 81, 80, 78, 73, 74, 85, 80, 80, 75, 74, 78, 84, 80, 82, 78, 75, 80, 83, 75, 85, 80, 75, 78, 79, 76, 85, 78, 80, 79, 83, 75, 78, 80, 75, 81, 80, 80, 80, 80, 78, 80, 83, 78, 82, 78, 75, 74, 83, 76, 83, 76, 75, 78, 81, 76, 80, 77, 70, 79, 76, 78, 86, 79, 74, 82, 77, 81, 80, 75, 79, 83, 77, 77, 82, 80, 77, 81, 76, 75, 78, 74, 79, 79, 81, 77, 84, 80, 74, 79, 80, 83, 80, 73, 80, 80, 77, 81, 81, 76, 82, 85, 78, 78, 74, 75, 81, 81, 79, 82, 79, 75, 79, 80, 74, 83, 82, 68, 80, 83, 78, 78, 78, 72, 73, 79, 83, 77, 81, 75, 74, 85, 78, 83, 77, 77, 80, 85, 82, 76, 72, 78, 83, 81, 82, 82, 76, 77, 77, 82, 77, 75, 76, 79, 86, 77, 83, 85, 80, 77, 86, 79, 84, 86, 81, 79, 81, 79, 83, 79, 83, 77, 83, 81, 79, 82, 78, 72, 80, 85, 79, 83, 77, 79, 80, 78, 77, 82, 78, 80, 83, 82, 83, 78, 81, 76, 82, 79, 73, 79, 73, 78, 80, 80, 77, 82, 78, 76, 80, 84, 82, 82, 81, 68, 78, 82, 78, 81, 77, 76, 82, 83, 78, 83, 82, 77, 80, 85, 79, 83, 79, 77, 81, 79, 81, 80, 75, 79, 83, 79, 81, 85, 79, 81, 83, 75, 77, 80, 79, 81, 82, 79, 84, 79, 77, 79, 81, 81, 79, 80, 78, 74, 81, 77, 77, 77, 77, 77, 81, 80, 79, 75, 80, 77, 86, 80, 79, 78, 72, 73, 86, 82, 81, 82, 80, 76, 77, 82, 82, 80, 75, 82, 80, 78, 86, 75, 73, 78, 86, 78, 83, 80, 78, 82, 81, 77, 84, 84, 77, 79, 83, 73, 80, 75, 76, 83, 81, 79, 76, 74, 77, 77, 86, 78, 81, 78, 80, 77, 77, 85, 79, 72, 79, 80, 86, 80, 75, 80, 84, 77, 77, 83, 79, 81, 77, 83, 81, 80, 80, 83, 80, 81, 81, 87, 76, 80, 87, 81, 77, 78, 77, 79, 82, 74, 77, 74, 78, 80, 78, 82, 82, 79, 78, 76, 82, 80, 77, 83, 77, 77, 81, 80, 81, 84, 81, 74, 83, 80, 77, 79, 78, 76, 79, 79, 81, 79, 77, 75, 80, 80, 81, 81, 74, 73, 80, 75, 82, 79, 72, 80, 84, 81, 83, 77, 80, 82, 83, 80, 83, 82, 76, 80, 78, 70, 81, 79, 75, 81, 78, 77, 80, 80, 80, 83, 81, 81, 80, 77, 75, 84, 75, 79, 77, 77, 76, 82, 76, 81, 80, 77, 80, 84, 77, 79, 82, 78, 76, 81, 79, 86, 78, 80, 78, 83, 80, 80, 84, 73, 80, 86, 77, 81, 82, 76, 78, 82, 78, 80, 81, 76, 75, 85, 83, 81, 80, 76, 84, 80, 76, 81, 77, 75, 82, 80, 80, 77, 72, 79, 77, 79, 81, 81, 76, 82, 82, 75, 73, 83, 77, 78, 79, 83, 75, 82, 79, 75, 75, 83, 78, 82, 82, 74, 80, 84, 79, 83, 79, 74, 73, 81, 83, 80, 77, 82, 81, 82, 79, 79, 74, 82, 84, 77, 79, 81, 78, 80, 75, 80, 80, 78, 72, 76, 81, 79, 81, 78, 81, 74, 81, 81, 81, 81, 80, 72, 82, 79, 78, 76, 80, 82, 79, 76, 85, 77, 74, 80, 80, 84, 82, 77, 74, 80, 81, 79, 80, 76, 75, 82, 81, 83, 77, 76, 76, 80, 81, 81, 82, 82, 77, 75, 78, 77, 80, 73, 78, 85, 81, 78, 80, 76]
Mins:[21, 29, 28, 21, 25, 26, 17, 17, 18, 17, 22, 27, 24, 23, 37, 30, 19, 17, 29, 12, 25, 26, 21, 17, 28, 20, 25, 31, 23, 29, 17, 32, 19, 22, 24, 36, 26, 21, 35, 26, 15, 15, 29, 18, 13, 14, 22, 18, 11, 21, 17, 19, 23, 20, 22, 24, 24, 16, 27, 34, 21, 17, 19, 15, 25, 18, 22, 34, 14, 20, 22, 24, 21, 31, 18, 30, 18, 17, 29, 32, 36, 14, 21, 11, 22, 24, 25, 28, 23, 20, 10, 23, 28, 24, 33, 20, 13, 16, 13, 26, 22, 26, 15, 19, 21, 26, 13, 22, 28, 28, 17, 19, 24, 13, 17, 30, 19, 31, 30, 36, 22, 19, 29, 42, 20, 22, 22, 20, 19, 23, 17, 33, 31, 17, 17, 27, 30, 29, 20, 28, 27, 17, 23, 30, 33, 32, 21, 27, 25, 16, 22, 12, 16, 19, 21, 17, 30, 23, 15, 34, 14, 18, 30, 23, 18, 33, 17, 11, 26, 22, 23, 27, 31, 20, 16, 20, 22, 23, 31, 13, 17, 20, 19, 16, 23, 41, 23, 18, 25, 31, 23, 18, 23, 16, 25, 35, 19, 16, 18, 16, 26, 16, 27, 33, 15, 19, 23, 19, 21, 22, 26, 18, 23, 24, 23, 20, 19, 19, 17, 17, 31, 20, 25, 15, 14, 20, 29, 21, 22, 17, 32, 20, 20, 19, 14, 29, 13, 24, 19, 11, 18, 11, 28, 18, 23, 20, 33, 18, 22, 18, 31, 27, 20, 24, 42, 30, 24, 25, 22, 22, 18, 26, 18, 16, 27, 15, 24, 24, 21, 27, 14, 19, 33, 29, 17, 29, 21, 31, 21, 18, 17, 19, 16, 27, 19, 25, 29, 21, 33, 31, 25, 25, 16, 32, 31, 33, 28, 25, 33, 17, 19, 16, 36, 25, 23, 18, 38, 17, 22, 30, 35, 16, 36, 19, 22, 22, 31, 27, 20, 20, 38, 22, 19, 23, 28, 16, 18, 28, 16, 17, 31, 26, 20, 24, 23, 31, 25, 12, 33, 21, 17, 13, 20, 29, 28, 17, 30, 16, 18, 23, 17, 22, 22, 18, 24, 18, 26, 19, 23, 18, 18, 19, 30, 23, 15, 16, 21, 21, 18, 24, 23, 19, 16, 15, 27, 22, 12, 23, 13, 25, 19, 30, 33, 16, 19, 23, 25, 17, 27, 26, 16, 18, 33, 27, 42, 31, 18, 21, 34, 16, 18, 22, 18, 17, 26, 22, 10, 16, 16, 17, 26, 15, 16, 26, 21, 16, 23, 19, 21, 19, 36, 12, 23, 20, 19, 15, 26, 18, 21, 19, 23, 23, 23, 29, 18, 21, 23, 18, 21, 19, 11, 30, 22, 28, 27, 20, 13, 34, 16, 37, 25, 26, 20, 25, 28, 25, 21, 12, 16, 17, 18, 23, 24, 38, 23, 22, 27, 21, 34, 26, 23, 35, 11, 15, 17, 29, 25, 36, 18, 21, 25, 25, 19, 19, 22, 31, 29, 22, 21, 17, 18, 14, 19, 30, 27, 32, 28, 26, 28, 15, 35, 15, 12, 16, 26, 26, 35, 17, 21, 31, 28, 25, 23, 16, 23, 14, 20, 16, 18, 26, 17, 23, 19, 21, 23, 27, 21, 28, 23, 36, 26, 22, 19, 34, 20, 25, 22, 15, 32, 19, 24, 15, 25, 13, 21, 23, 17, 24, 23, 20, 20, 18, 30, 33, 18, 23, 20, 19, 26, 21, 20, 17, 20, 42, 19, 26, 25, 24, 15, 15, 26, 25, 9, 19, 20, 34, 26, 18, 30, 16, 36, 20, 17, 41, 20, 21, 27, 19, 9, 17, 19, 19, 22, 27, 26, 15, 18, 18, 15, 18, 24, 22, 32, 16, 18, 33, 13, 29, 22, 15, 15, 20, 14, 16, 19, 18, 15, 19, 25, 15, 29, 21, 19, 15, 31, 14, 18, 30, 25, 18, 21, 19, 27, 19, 32, 29, 18, 19, 15, 19, 19, 24, 23, 28, 20, 14, 24, 33, 35, 23, 27, 18, 23, 26, 14, 25, 21, 17, 28, 19, 17, 27, 21, 34, 19, 20, 30, 28, 23, 26, 22, 17, 44, 25, 18, 23, 22, 25, 24, 14, 15, 30, 17, 22, 30, 16, 20, 26, 21, 20, 25, 20, 22, 16, 24, 23, 20, 25, 20, 26, 22, 14, 18, 18]

./youtube_vids/key_no_board.mp4.wav
Maxs:[97, 97, 97, 97, 97, 97, 97, 97, 97, 97, 97, 97, 97, 97, 97, 97, 97, 97, 97, 97, 97, 97, 97, 97, 97, 97, 97, 97, 97, 97, 97, 97, 97, 97, 97, 97, 97, 97, 97, 97, 97, 97, 97, 97, 97, 97, 97, 97, 97, 97, 97, 97, 97, 97, 97, 97, 97, 97, 97, 97, 97, 97, 97, 97, 97, 97, 97, 97, 97, 97, 97, 97, 97, 97, 97, 97, 97, 97, 97, 97, 97, 97, 97, 97, 97, 97, 97, 97, 97, 97, 97, 97, 97, 97, 97, 97, 97, 97, 97, 97, 97, 97, 97, 97, 97, 97, 97, 97, 97, 97, 97, 97, 97, 97, 97, 97, 97, 97, 97, 97, 97, 97, 97, 97, 97, 97, 97, 97, 97, 97, 97, 97, 97, 97, 97, 97, 97, 97, 97, 97, 97, 97, 97, 97, 97, 97, 97, 97, 97, 97, 97, 97, 97, 97, 97, 97, 97, 97, 97, 97, 97, 97, 97, 97, 97, 97, 97, 97, 97, 97, 97, 97, 97, 97, 97, 97, 97, 97, 97, 97, 97, 97, 97, 97, 97, 97, 97, 97, 97, 97, 97, 97, 97, 97, 97, 97, 97, 97, 97, 97, 97, 97, 97, 97, 97, 97, 97, 97, 97, 97, 97, 97, 97, 97, 97, 97, 97, 97, 97, 97, 97, 97, 97, 97, 97, 97, 97, 97, 97, 97, 97, 97, 97, 97, 97, 97, 97, 97, 97, 97, 97, 97, 97, 97, 97, 97, 97, 97, 97, 97, 97, 97, 97, 97, 97, 97, 97, 97, 97, 97, 97, 97, 97, 97, 97, 97, 97, 97, 97, 97, 97, 97, 97, 97, 97, 97, 97, 97, 97, 97, 97, 97, 97, 97, 97, 97, 97, 97, 97, 97, 97, 97, 97, 97, 97, 97, 97, 97, 97, 97, 97, 97, 97, 97, 97, 97, 97, 97, 97, 97, 97, 97, 97, 97, 97, 97, 97, 97, 97, 97, 97, 97, 97, 97, 97, 97, 97, 97, 97, 97, 97, 97, 97, 97, 97, 97, 97, 97, 97, 97, 97, 97, 97, 97, 97, 97, 97, 97, 97, 97, 97, 97, 97, 97, 97, 97, 97, 97, 97, 97, 97, 97, 97, 97, 97, 97, 97, 97, 97, 97, 97, 97, 97, 97, 97, 97, 97, 97, 97, 97, 97, 97, 97, 97, 97, 97, 97, 97, 97, 97, 97, 97, 97, 97, 97, 97, 97, 97, 97, 97, 97, 97, 97, 97, 97, 97, 97, 97, 97, 97, 97, 97, 97, 97, 97, 97, 97, 97, 97, 97, 97, 97, 97, 97, 97, 97, 97, 97, 97, 97, 97, 97, 97, 97, 97, 97, 97, 97, 97, 97, 97, 97, 97, 97, 97, 97, 97, 97, 97, 97, 97, 97, 97, 97, 97, 97, 97, 97, 97, 97, 97, 97, 97, 97, 97, 97, 97, 97, 97, 97, 97, 97, 97, 97, 97, 97, 97, 97, 97, 97, 97, 97, 97, 97, 97, 97, 97, 97, 97, 97, 97, 97, 97, 97, 97, 97, 97, 97, 97, 97, 97, 97, 97, 97, 97, 97, 97, 97, 97, 97, 97, 97, 97, 97, 97, 97, 97, 97, 97, 97, 97, 97, 97, 97, 97, 97, 97, 97, 97, 97, 97, 97, 97, 97, 97, 97, 97, 97, 97, 97, 97, 97, 97, 97, 97, 97, 97, 97, 97, 97, 97, 97, 97, 97, 97, 97, 97, 97, 97, 97, 97, 97, 97, 97, 97, 97, 97, 97, 97, 97, 97, 97, 97, 97, 97, 97, 97, 97, 97, 97, 97, 97, 97, 97, 97, 97, 97, 97, 97, 97, 97]
Means:[84, 83, 84, 86, 82, 81, 85, 83, 84, 80, 81, 80, 80, 80, 84, 82, 84, 80, 83, 84, 83, 86, 82, 83, 83, 80, 81, 85, 83, 79, 79, 81, 77, 82, 84, 89, 78, 86, 86, 79, 80, 81, 78, 82, 79, 79, 85, 80, 83, 83, 84, 82, 81, 82, 84, 83, 81, 79, 79, 83, 75, 85, 82, 87, 79, 83, 81, 83, 81, 84, 83, 85, 81, 79, 82, 81, 81, 80, 80, 81, 81, 82, 81, 83, 83, 81, 83, 86, 83, 84, 81, 82, 77, 79, 82, 77, 81, 84, 84, 84, 86, 83, 83, 82, 83, 81, 79, 83, 82, 81, 80, 81, 82, 83, 80, 80, 83, 88, 83, 81, 81, 85, 76, 81, 81, 81, 81, 84, 83, 83, 82, 83, 80, 81, 86, 81, 83, 79, 80, 82, 81, 79, 83, 81, 81, 80, 86, 83, 82, 83, 84, 80, 82, 78, 84, 85, 81, 80, 81, 82, 83, 82, 84, 85, 84, 83, 82, 78, 81, 82, 83, 80, 80, 83, 82, 82, 81, 83, 83, 85, 78, 83, 77, 80, 77, 79, 84, 85, 80, 78, 80, 84, 84, 83, 81, 84, 82, 85, 81, 82, 83, 79, 80, 79, 78, 85, 79, 82, 84, 85, 87, 84, 85, 81, 86, 79, 80, 81, 76, 82, 81, 83, 83, 82, 84, 84, 81, 84, 85, 82, 81, 82, 85, 82, 84, 83, 82, 79, 86, 85, 85, 85, 79, 82, 82, 80, 83, 83, 78, 82, 83, 86, 82, 77, 83, 83, 85, 83, 84, 81, 87, 79, 84, 81, 80, 79, 79, 84, 80, 77, 78, 81, 82, 82, 82, 84, 81, 79, 82, 82, 81, 82, 84, 82, 77, 81, 81, 83, 81, 84, 84, 82, 79, 83, 78, 83, 80, 82, 84, 81, 83, 84, 81, 83, 84, 82, 84, 80, 79, 80, 80, 81, 79, 85, 85, 79, 83, 83, 84, 82, 86, 82, 78, 76, 80, 81, 80, 81, 79, 85, 84, 84, 82, 85, 83, 84, 86, 80, 78, 85, 80, 78, 80, 83, 83, 83, 86, 82, 83, 84, 80, 85, 82, 85, 82, 81, 79, 79, 81, 87, 84, 81, 84, 86, 83, 83, 85, 79, 81, 84, 82, 82, 82, 82, 84, 81, 84, 85, 82, 81, 83, 84, 83, 81, 83, 83, 81, 78, 79, 82, 83, 82, 85, 84, 82, 83, 84, 86, 85, 84, 80, 84, 83, 84, 82, 85, 80, 82, 81, 84, 82, 85, 84, 82, 79, 83, 81, 79, 81, 80, 82, 75, 86, 80, 84, 85, 81, 86, 81, 81, 80, 79, 83, 78, 83, 77, 80, 85, 84, 84, 83, 82, 85, 81, 78, 79, 83, 85, 79, 82, 85, 79, 82, 82, 86, 84, 86, 83, 80, 80, 82, 80, 79, 83, 84, 79, 85, 75, 80, 86, 87, 86, 82, 81, 81, 81, 82, 82, 82, 84, 84, 83, 82, 82, 80, 87, 82, 80, 84, 84, 83, 76, 84, 78, 78, 85, 83, 84, 85, 84, 80, 88, 82, 83, 83, 80, 84, 82, 80, 78, 83, 85, 79, 83, 86, 85, 83, 81, 80, 82, 77, 83, 79, 83, 83, 82, 84, 83, 84, 86, 87, 85, 84, 82, 81, 79, 80, 81, 79, 79, 85, 84, 79, 79, 83, 84, 83, 80, 85, 82, 77, 76, 82, 79, 81, 85, 78, 80, 78, 84, 84, 84, 84, 84, 85, 80, 81, 80, 79, 79, 77, 78, 81, 82, 83, 82, 82, 83, 85, 86, 85, 85, 81, 82, 81, 76, 85, 83, 81, 83, 85]
Mins:[36, 37, 41, 46, 30, 39, 26, 35, 39, 30, 31, 29, 41, 43, 28, 40, 43, 32, 31, 29, 39, 35, 32, 42, 38, 33, 29, 41, 40, 36, 30, 28, 31, 25, 41, 46, 34, 41, 28, 33, 36, 37, 40, 33, 30, 37, 41, 41, 31, 37, 44, 31, 41, 36, 40, 44, 36, 37, 38, 34, 32, 39, 37, 46, 41, 38, 44, 35, 39, 40, 45, 35, 33, 36, 29, 30, 18, 39, 35, 34, 34, 34, 43, 44, 41, 46, 38, 27, 29, 42, 36, 33, 26, 28, 29, 34, 44, 39, 41, 46, 43, 37, 28, 38, 37, 40, 36, 33, 32, 31, 26, 27, 28, 40, 37, 39, 23, 49, 45, 37, 35, 38, 38, 44, 39, 32, 33, 45, 45, 42, 37, 36, 40, 31, 36, 37, 32, 41, 35, 45, 21, 38, 42, 31, 40, 39, 48, 42, 40, 33, 49, 31, 34, 28, 35, 42, 38, 26, 37, 35, 29, 37, 37, 40, 33, 44, 35, 28, 33, 31, 38, 29, 31, 43, 36, 36, 43, 38, 33, 51, 43, 42, 27, 29, 20, 32, 25, 41, 46, 32, 39, 43, 38, 40, 31, 37, 38, 44, 39, 37, 36, 31, 29, 27, 33, 30, 30, 43, 45, 33, 49, 38, 33, 42, 30, 34, 38, 40, 34, 42, 37, 34, 29, 24, 40, 43, 40, 37, 33, 37, 30, 42, 39, 27, 41, 42, 32, 35, 46, 38, 34, 39, 29, 26, 42, 34, 39, 44, 25, 45, 46, 34, 25, 34, 29, 34, 51, 48, 33, 40, 45, 38, 39, 39, 33, 39, 42, 38, 26, 37, 24, 40, 26, 40, 43, 42, 35, 40, 33, 36, 42, 33, 32, 43, 28, 28, 27, 37, 33, 40, 36, 31, 30, 32, 28, 36, 33, 39, 41, 35, 37, 46, 37, 38, 37, 32, 41, 42, 39, 40, 35, 21, 44, 42, 40, 40, 34, 40, 43, 42, 46, 28, 28, 24, 25, 41, 38, 40, 31, 27, 30, 55, 44, 41, 34, 36, 42, 36, 35, 43, 34, 30, 39, 26, 35, 38, 35, 38, 36, 30, 31, 31, 34, 23, 22, 36, 33, 28, 40, 43, 28, 41, 39, 30, 45, 38, 34, 31, 22, 47, 41, 24, 35, 37, 29, 38, 38, 40, 38, 33, 36, 41, 43, 37, 35, 31, 34, 30, 26, 39, 45, 30, 40, 27, 31, 30, 37, 41, 37, 29, 25, 38, 29, 30, 33, 39, 40, 38, 37, 35, 41, 38, 45, 45, 26, 39, 34, 41, 34, 32, 27, 35, 41, 39, 34, 27, 26, 43, 35, 39, 40, 32, 25, 29, 42, 33, 28, 49, 34, 39, 42, 37, 40, 39, 33, 22, 32, 38, 36, 37, 39, 37, 20, 49, 39, 46, 31, 31, 36, 27, 28, 33, 38, 36, 39, 23, 41, 23, 38, 53, 44, 43, 32, 37, 37, 24, 33, 34, 34, 33, 34, 35, 35, 34, 35, 51, 46, 40, 41, 27, 41, 34, 41, 26, 37, 38, 33, 37, 38, 36, 30, 40, 34, 44, 31, 40, 27, 39, 32, 35, 39, 42, 27, 38, 38, 41, 28, 39, 30, 31, 21, 33, 36, 36, 32, 44, 22, 40, 39, 44, 35, 41, 31, 29, 36, 28, 24, 33, 40, 31, 39, 26, 42, 31, 37, 38, 43, 37, 38, 43, 33, 37, 36, 23, 24, 35, 25, 38, 29, 35, 37, 51, 40, 39, 39, 36, 28, 36, 32, 34, 36, 34, 37, 37, 22, 43, 44, 41, 44, 24, 42, 37, 36, 41, 45, 22, 42, 36, 37, 28, 31]

./youtube_vids/punk_no_music.mp4.wav
Maxs:[97, 97, 97, 97, 97, 97, 97, 97, 97, 97, 97, 97, 97, 97, 97, 97, 97, 97, 97, 97, 97, 97, 97, 97, 97, 97, 97, 97, 97, 97, 97, 97, 97, 97, 97, 97, 97, 97, 97, 97, 97, 97, 97, 97, 97, 97, 97, 97, 97, 97, 97, 97, 97, 97, 97, 97, 97, 97, 97, 97, 97, 97, 97, 97, 97, 97, 97, 97, 97, 97, 97, 97, 97, 97, 97, 97, 97, 97, 97, 97, 97, 97, 97, 97, 97, 97, 97, 97, 97, 97]
Means:[74, 62, 68, 69, 73, 69, 68, 68, 77, 72, 68, 64, 69, 68, 71, 69, 68, 65, 70, 65, 76, 62, 72, 65, 70, 69, 72, 69, 64, 67, 73, 67, 70, 68, 63, 70, 67, 67, 61, 68, 62, 67, 73, 69, 68, 74, 66, 71, 62, 69, 72, 59, 74, 72, 76, 68, 73, 74, 65, 67, 68, 77, 76, 70, 70, 69, 72, 69, 68, 75, 69, 68, 67, 65, 66, 67, 66, 72, 69, 59, 70, 71, 69, 70, 65, 70, 70, 68, 68, 70]
Mins:[15, 15, 14, 16, 13, 17, 14, 12, 15, 16, 13, 13, 14, 17, 18, 15, 15, 20, 20, 16, 22, 21, 22, 14, 12, 15, 12, 19, 16, 17, 12, 17, 17, 16, 15, 14, 14, 19, 14, 16, 13, 20, 20, 16, 19, 23, 13, 18, 12, 19, 17, 13, 20, 23, 11, 15, 17, 18, 17, 17, 21, 12, 17, 17, 20, 20, 17, 16, 14, 13, 19, 19, 14, 17, 13, 17, 16, 22, 17, 16, 14, 19, 21, 16, 19, 22, 19, 21, 22, 20]

./youtube_vids/vaccume.mp4.wav
Maxs:[97, 97, 97, 97, 97, 97, 97, 97, 97, 97, 97, 97]
Means:[70, 69, 75, 75, 72, 66, 71, 73, 71, 70, 64, 69]
Mins:[19, 17, 19, 18, 22, 16, 18, 17, 21, 15, 18, 20]

