# 100cm OVA
\Torrents\Office\Season 1/The Office S01E01 720p x265.mp4.wav
Maxs:[50, 49, 50, 49, 48, 50, 50, 48, 49, 49, 48, 48, 49, 49, 49, 48, 49, 48, 50, 49, 49, 50, 50]
Means:[42, 43, 44, 45, 45, 43, 43, 44, 44, 44, 44, 43, 43, 44, 44, 43, 44, 43, 43, 44, 44, 44, 45]
Mins:[35, 32, 32, 38, 37, 32, 28, 26, 34, 35, 29, 33, 35, 39, 36, 33, 30, 30, 30, 30, 30, 36, 38]

\Torrents\FriendsS1/friends_s01e09_720p_bluray_x264-sujaidr.mkv.wav
Maxs:[48, 49, 48, 47, 48, 49, 48, 49, 48, 48, 46, 50, 49, 49, 50, 49, 49, 48, 47, 48, 48, 47]
Means:[39, 36, 38, 38, 37, 37, 38, 38, 37, 38, 36, 38, 36, 38, 40, 39, 39, 38, 36, 37, 38, 37]
Mins:[27, 25, 26, 27, 24, 22, 28, 26, 25, 29, 27, 29, 26, 29, 28, 26, 28, 27, 25, 26, 24, 26]

\Torrents\FriendsS9/friends.s09e03.720p.bluray.x264-mrs.sujaidr.mkv.wav
Maxs:[48, 49, 49, 49, 49, 49, 49, 48, 48, 48, 49, 51, 50, 49, 50, 48, 49, 47, 48, 49, 48, 50, 48]
Means:[39, 38, 39, 38, 39, 40, 40, 38, 40, 38, 38, 40, 39, 39, 40, 39, 38, 40, 39, 40, 38, 40, 41]
Mins:[27, 25, 30, 30, 27, 26, 28, 27, 30, 30, 30, 30, 28, 30, 28, 32, 29, 31, 28, 25, 29, 27, 28]

\Torrents\Office\Season 1/The Office S01E02 720p x265.m4v.wav
Maxs:[50, 51, 50, 49, 50, 50, 50, 50, 49, 50, 52, 51, 51, 51, 53, 55, 50, 51, 51, 51]
Means:[43, 43, 45, 44, 42, 42, 43, 43, 44, 43, 44, 45, 45, 45, 43, 45, 45, 43, 46, 46]
Mins:[37, 25, 36, 32, 28, 29, 32, 31, 35, 33, 31, 31, 34, 30, 29, 32, 29, 29, 30, 37]

\Torrents\FriendsS1/friends_s01e01_720p_bluray_x264-sujaidr.mkv.wav
Maxs:[48, 49, 48, 48, 49, 50, 49, 50, 52, 51, 52, 52, 53, 50, 49, 50, 51, 50, 49, 49, 50]
Means:[37, 39, 37, 36, 37, 39, 38, 38, 39, 38, 41, 40, 41, 41, 40, 39, 37, 41, 38, 38, 43]
Mins:[30, 28, 23, 24, 24, 26, 26, 27, 28, 25, 30, 29, 27, 27, 30, 29, 25, 28, 27, 28, 29]

\Torrents\FriendsS9/friends.s09e18.720p.bluray.x264-mrs.sujaidr.mkv.wav
Maxs:[49, 47, 47, 52, 51, 50, 50, 50, 49, 49, 49, 49, 48, 49, 50, 50, 50, 50, 50, 51, 52]
Means:[38, 37, 35, 38, 38, 38, 36, 37, 36, 38, 37, 37, 37, 38, 39, 40, 37, 40, 40, 39, 40]
Mins:[25, 24, 25, 23, 24, 27, 24, 28, 24, 27, 26, 24, 24, 28, 24, 26, 27, 30, 24, 28, 25]

\Torrents\Office\Season 1/The Office S01E06 720p x265.m4v.wav
Maxs:[52, 51, 52, 51, 52, 49, 51, 50, 50, 51, 50, 51, 50, 51, 50, 48, 50, 52, 52, 51, 51, 51]
Means:[43, 46, 46, 45, 44, 45, 42, 45, 46, 46, 45, 43, 43, 45, 45, 43, 46, 45, 47, 47, 45, 47]
Mins:[32, 36, 34, 30, 31, 35, 32, 34, 40, 39, 39, 31, 34, 37, 35, 31, 40, 26, 37, 33, 29, 37]

\Torrents\FriendsS1/friends_s01e11_720p_bluray_x264-sujaidr.mkv.wav
Maxs:[50, 48, 49, 48, 49, 48, 46, 49, 48, 48, 48, 49, 52, 50, 51, 51, 52, 53, 51, 48, 49, 50]
Means:[38, 38, 38, 38, 37, 38, 37, 37, 39, 38, 37, 38, 40, 39, 38, 40, 36, 40, 41, 41, 40, 41]
Mins:[30, 28, 27, 27, 27, 28, 29, 26, 27, 28, 24, 26, 28, 27, 27, 28, 28, 26, 28, 28, 28, 26]

\Torrents\FriendsS9/friends.s09e12.720p.bluray.x264-mrs.sujaidr.mkv.wav
Maxs:[50, 48, 49, 50, 47, 49, 49, 48, 52, 53, 53, 51, 50, 52, 49, 52, 50, 49, 52, 50, 49, 50, 49]
Means:[38, 37, 36, 37, 38, 38, 38, 38, 39, 38, 39, 39, 40, 40, 39, 39, 38, 37, 39, 40, 38, 42, 40]
Mins:[29, 29, 29, 26, 27, 27, 30, 26, 25, 25, 28, 26, 25, 28, 25, 30, 27, 28, 25, 27, 28, 25, 30]

\Torrents\Office\Season 1/The Office S01E04 720p x265.m4v.wav
Maxs:[50, 54, 53, 51, 52, 52, 53, 52, 51, 49, 50, 51, 50, 51, 51, 50, 50, 49, 49, 49, 52]
Means:[45, 45, 45, 46, 47, 45, 47, 45, 45, 45, 44, 44, 44, 45, 45, 44, 43, 43, 45, 44, 46]
Mins:[34, 34, 27, 36, 33, 32, 36, 30, 32, 38, 34, 33, 31, 32, 37, 32, 32, 27, 28, 31, 38]

\Torrents\FriendsS1/friends_s01e18_720p_bluray_x264-sujaidr.mkv.wav
Maxs:[52, 48, 52, 52, 52, 52, 51, 51, 49, 50, 48, 48, 50, 50, 48, 48, 49, 54, 53, 52, 52]
Means:[42, 39, 40, 40, 40, 41, 39, 39, 39, 39, 38, 39, 39, 40, 40, 40, 43, 43, 47, 41, 42]
Mins:[30, 31, 26, 29, 30, 32, 27, 31, 31, 26, 30, 30, 29, 27, 30, 30, 33, 33, 36, 26, 28]

\Torrents\FriendsS9/friends.s09e19.720p.bluray.x264-mrs.sujaidr.mkv.wav
Maxs:[53, 50, 49, 50, 49, 50, 47, 47, 49, 49, 50, 48, 49, 51, 51, 52, 52, 52, 52, 52, 51, 54, 50, 50]
Means:[40, 36, 35, 37, 38, 41, 36, 37, 38, 38, 41, 37, 38, 38, 40, 41, 36, 38, 40, 41, 39, 41, 40, 41]
Mins:[29, 28, 25, 26, 22, 28, 23, 25, 25, 26, 25, 25, 25, 27, 26, 24, 23, 27, 27, 25, 23, 27, 25, 27]

