./youtube_vids/classical_music.mp4.wav
Maxs:[75, 70, 39, 67, 69, 40, 48, 68, 59, 56, 70, 37, 37, 72, 47, 63, 71, 43, 57, 42, 71, 40, 45, 44, 71, 40, 68, 41, 71, 39, 48, 41, 44, 43, 71, 38, 39, 44, 42, 72, 39, 37, 31, 70, 33, 36, 70, 43, 40, 39, 70, 41, 39, 35, 71, 28, 69, 71, 47, 37, 71, 42, 36, 68, 69, 51, 70, 57, 64, 43, 42, 66, 61, 68, 32, 71, 70, 33, 61, 33, 66, 28, 71, 33, 48, 31, 28, 30, 32, 57, 37, 54, 35, 39, 57, 29, 53, 37, 31, 57, 70, 29, 71, 35, 31, 39, 28, 28, 32, 71, 30, 32, 29, 72, 34, 38, 34, 32, 71, 53, 71, 57, 44, 70, 49, 70, 71, 70, 57, 72, 46, 43, 65, 69, 61, 49, 68, 47, 36, 72, 28, 33, 31, 31, 34, 27, 40, 39, 39, 49, 70, 36, 40, 37, 36, 46, 70, 30, 44, 37, 72, 27, 52, 68, 35, 71, 32, 67, 67, 71, 49, 53, 67, 47, 48, 71, 67, 36, 37, 71, 45, 35, 71, 72, 57, 48, 44, 70, 47, 61, 70, 65]
Means:[27, 25, 24, 28, 26, 25, 23, 31, 35, 36, 29, 25, 24, 32, 23, 22, 24, 24, 26, 21, 26, 26, 27, 27, 24, 25, 27, 24, 31, 30, 32, 32, 32, 32, 39, 30, 31, 31, 31, 29, 22, 23, 19, 23, 22, 22, 22, 26, 24, 24, 24, 22, 22, 22, 26, 21, 29, 28, 24, 24, 25, 23, 21, 30, 27, 22, 38, 32, 35, 25, 27, 35, 39, 31, 21, 24, 24, 22, 24, 22, 23, 19, 17, 16, 19, 18, 16, 16, 16, 18, 20, 21, 18, 20, 19, 17, 17, 18, 20, 18, 17, 17, 22, 20, 21, 22, 20, 18, 19, 21, 17, 18, 19, 26, 23, 27, 23, 22, 26, 26, 27, 26, 24, 28, 27, 28, 41, 38, 33, 33, 28, 27, 33, 39, 38, 38, 40, 27, 25, 28, 19, 20, 18, 23, 20, 19, 23, 31, 31, 30, 22, 22, 23, 23, 21, 22, 28, 23, 25, 26, 25, 20, 35, 24, 23, 25, 20, 31, 24, 26, 28, 22, 25, 25, 25, 33, 35, 26, 25, 26, 22, 21, 28, 32, 36, 27, 30, 30, 33, 36, 31, 34]
Mins:[14, 12, 19, 14, 10, 15, 14, 14, 26, 19, 14, 12, 15, 18, 14, 10, 8, 13, 11, 9, 12, 16, 12, 15, 13, 14, 11, 12, 12, 23, 24, 21, 23, 22, 25, 23, 26, 24, 24, 14, 12, 12, 10, 13, 14, 11, 11, 14, 15, 14, 12, 13, 9, 12, 15, 12, 17, 17, 11, 14, 13, 11, 13, 16, 17, 12, 14, 11, 13, 14, 10, 12, 23, 12, 12, 13, 16, 12, 15, 17, 12, 13, 7, 8, 11, 9, 7, 9, 9, 11, 10, 14, 10, 9, 8, 9, 8, 10, 10, 9, 9, 8, 10, 13, 13, 13, 13, 12, 12, 11, 11, 12, 11, 14, 17, 16, 16, 15, 16, 15, 11, 16, 12, 15, 14, 13, 16, 20, 19, 13, 15, 14, 19, 16, 16, 31, 12, 19, 15, 10, 13, 13, 12, 16, 10, 12, 13, 25, 23, 25, 12, 9, 11, 12, 8, 11, 12, 17, 16, 17, 13, 14, 22, 11, 15, 10, 12, 16, 14, 13, 14, 13, 13, 11, 11, 15, 17, 15, 14, 11, 13, 11, 12, 17, 19, 14, 17, 18, 12, 18, 20, 15]

./youtube_vids/cooking.mp4.wav
Maxs:[49, 49, 49, 48, 51, 50, 38, 38, 38, 38, 37, 37, 37, 37, 37, 38, 38, 38, 38, 37, 47, 51, 50, 49, 49, 47, 38, 37, 37, 37, 37, 37, 37, 38, 38, 37, 38, 37, 38, 37, 49, 49, 49, 49, 49, 48, 36, 37, 37, 38, 38, 37, 39, 38, 37, 37, 37, 37]
Means:[41, 43, 43, 42, 42, 33, 33, 33, 33, 33, 33, 32, 33, 33, 33, 34, 34, 34, 34, 33, 41, 43, 44, 43, 41, 33, 33, 32, 33, 33, 32, 33, 33, 32, 33, 33, 33, 34, 34, 34, 41, 41, 41, 43, 43, 33, 33, 32, 34, 33, 33, 32, 33, 33, 34, 33, 33, 34]
Mins:[29, 31, 33, 31, 33, 27, 29, 28, 24, 30, 27, 23, 28, 25, 23, 32, 32, 31, 29, 28, 32, 32, 30, 34, 31, 23, 30, 25, 23, 28, 24, 23, 29, 23, 30, 28, 28, 30, 30, 29, 32, 31, 26, 32, 31, 29, 27, 23, 28, 27, 30, 26, 29, 29, 29, 29, 30, 31]

./youtube_vids/crowd_talking.mp4.wav
Maxs:[76, 19, 16, 21, 14, 21, 14, 19, 14, 20, 14, 17, 15, 20, 15, 20, 15, 20, 15, 19, 15, 20, 15, 19, 15, 20, 15, 20, 18, 20, 14, 21, 15, 21, 15, 20, 14, 20, 14, 21, 14, 19, 15, 20, 14, 20, 14, 20, 16, 21, 15, 19, 15, 20, 16, 21, 16, 18, 14, 21, 14, 20, 16, 20, 15, 21, 15, 19, 14, 21, 15, 20, 15, 19, 15, 20, 15, 19, 15, 20, 15, 20, 14, 20, 16, 20, 15, 19, 19, 15, 20, 14, 19, 20, 14, 19, 16, 21, 15, 20, 14, 18, 16, 15, 20, 20, 15, 19, 15, 21, 21, 17, 20, 14, 19, 15, 19, 16, 20, 16, 18, 15, 19, 19, 16, 19, 15, 17, 16, 15, 16, 17, 15, 15, 16, 15, 15, 15, 15, 16, 17, 20, 19, 16, 15, 15, 21, 15, 19, 15, 20, 15, 19, 16, 19, 15, 16, 20, 16, 20, 16, 20, 15, 19, 15, 17, 15, 15, 19, 17, 18, 14, 20, 15, 21, 15, 19, 15, 20, 15, 21, 16, 18, 15, 19, 16, 20, 15, 19, 16, 17, 15, 18, 15, 18, 15, 21, 15, 20, 16, 19, 15, 18, 15, 15, 20, 14, 21, 15, 18, 15, 17, 14, 20, 16, 21, 15, 20, 15, 20, 14, 20, 17, 20, 15, 19, 15, 20, 15, 20, 16, 20, 15, 20, 15, 20, 16, 19, 15, 18, 15, 19, 15, 19, 14, 19, 16, 20, 15, 18, 15, 21, 15, 19, 15, 19, 15, 20, 17, 19, 14, 18, 15, 19, 20, 15, 20, 15, 19, 15, 20, 15, 18, 15, 20, 15, 20, 16, 19, 15, 18, 15, 15, 20, 14, 20, 14, 19, 15, 21, 16, 17, 16, 18, 16, 19, 16, 20, 15, 18, 15, 18, 15, 19, 15, 20, 15, 17, 15, 17, 15, 19, 15, 20, 15, 19, 15, 20, 16, 21, 15, 18, 21, 15, 19, 15, 19, 15, 20, 15, 20, 16, 20, 15, 21, 15, 20, 16, 20, 15, 18, 16, 19, 15, 19, 15, 20, 15, 20, 15, 21, 16, 18, 15, 19, 15, 20, 16, 20, 16, 19, 16, 20, 15, 17, 14, 20, 14, 20, 14, 18, 16, 20, 15, 17, 14, 20, 14, 18, 16, 18, 15, 20, 16, 18, 14, 19, 17, 20, 15, 22, 14, 20, 16, 21, 15, 20, 15, 21, 16, 19, 16, 21, 15, 19, 15, 20, 14, 21, 14, 20, 16, 20, 16, 19, 14, 18, 14, 22, 15, 17, 16, 19, 16, 20, 16, 21, 15, 20, 15, 21, 15, 20, 16, 19, 14, 22, 15, 18, 20, 15, 21, 17, 18, 14, 20, 18, 20, 16, 20, 15, 20, 15, 19, 16, 22, 14, 18, 16, 20, 15, 21, 15, 19, 15, 20, 15, 20, 15, 20, 15, 17, 16, 18, 16, 19, 16, 18, 16, 19, 17, 18, 15, 19, 15, 19, 15, 20, 15, 21, 15, 20, 15, 20, 15, 18, 15, 20, 16, 21, 15, 20, 15, 18, 15, 21, 15, 17, 17, 18, 15, 18, 15, 21, 16, 18, 16, 21, 16, 20, 14, 15, 18, 15, 20, 15, 17, 17, 18, 16, 17, 15, 22, 15, 19, 15, 22, 16, 19, 15, 20, 14, 19, 15, 21, 15, 20, 15, 18, 14, 17, 20, 14, 18, 15, 21, 15, 20, 15, 21, 15, 14, 21]
Means:[12, 10, 10, 10, 9, 10, 10, 10, 9, 10, 10, 10, 10, 10, 9, 10, 9, 10, 10, 10, 10, 10, 10, 10, 10, 10, 10, 10, 10, 10, 9, 10, 10, 10, 10, 10, 9, 10, 10, 10, 10, 10, 10, 10, 10, 10, 10, 10, 10, 10, 10, 10, 10, 10, 10, 10, 9, 10, 10, 10, 9, 10, 10, 10, 9, 10, 10, 10, 9, 10, 10, 10, 10, 10, 9, 10, 10, 10, 10, 10, 10, 10, 9, 10, 10, 10, 9, 10, 10, 10, 10, 10, 10, 10, 9, 10, 10, 10, 10, 10, 10, 10, 9, 10, 10, 10, 10, 10, 10, 10, 10, 10, 10, 10, 10, 10, 10, 10, 10, 9, 10, 10, 10, 10, 10, 10, 10, 9, 9, 10, 10, 10, 10, 9, 10, 10, 10, 10, 10, 10, 10, 10, 10, 9, 10, 9, 10, 10, 10, 10, 10, 10, 10, 10, 10, 9, 10, 10, 9, 10, 10, 10, 10, 10, 10, 10, 10, 9, 10, 10, 10, 10, 10, 10, 10, 10, 10, 9, 10, 10, 10, 10, 10, 10, 10, 10, 10, 10, 10, 10, 10, 9, 10, 10, 10, 9, 10, 9, 10, 10, 10, 10, 10, 9, 10, 10, 10, 10, 10, 10, 9, 10, 9, 10, 10, 10, 9, 10, 10, 10, 10, 10, 10, 10, 10, 10, 9, 10, 10, 10, 10, 10, 10, 10, 10, 10, 10, 10, 9, 10, 10, 10, 10, 10, 10, 10, 10, 10, 10, 10, 10, 10, 10, 10, 10, 10, 9, 10, 10, 10, 9, 10, 10, 10, 10, 10, 10, 10, 10, 10, 10, 10, 10, 10, 10, 10, 10, 10, 10, 10, 10, 10, 10, 10, 9, 10, 10, 10, 10, 10, 10, 10, 10, 10, 10, 10, 10, 10, 10, 10, 9, 10, 10, 10, 10, 10, 10, 10, 10, 10, 10, 10, 10, 10, 9, 10, 10, 10, 10, 10, 10, 10, 10, 10, 10, 10, 10, 10, 10, 10, 10, 10, 10, 10, 10, 10, 10, 10, 10, 10, 10, 10, 10, 10, 10, 10, 10, 10, 10, 10, 10, 10, 10, 10, 10, 10, 10, 10, 10, 10, 10, 9, 10, 9, 10, 10, 10, 10, 10, 10, 10, 10, 10, 9, 10, 10, 10, 10, 10, 10, 10, 10, 10, 10, 10, 10, 10, 10, 10, 10, 10, 10, 10, 10, 10, 9, 10, 10, 10, 10, 10, 10, 10, 10, 10, 10, 10, 10, 10, 10, 10, 10, 10, 10, 10, 10, 10, 9, 10, 10, 10, 10, 10, 10, 10, 10, 10, 10, 10, 10, 10, 9, 10, 10, 10, 10, 10, 10, 10, 10, 10, 10, 10, 10, 10, 10, 10, 10, 10, 10, 10, 10, 10, 10, 10, 10, 10, 10, 10, 10, 10, 10, 10, 10, 10, 10, 10, 10, 10, 10, 10, 9, 10, 10, 10, 10, 10, 10, 10, 10, 10, 10, 10, 10, 10, 10, 10, 10, 10, 10, 10, 10, 10, 10, 10, 10, 10, 10, 10, 10, 10, 10, 10, 10, 10, 10, 10, 10, 10, 10, 10, 10, 10, 10, 10, 10, 10, 10, 10, 10, 10, 10, 10, 10, 10, 10, 10, 10, 10, 10, 10, 10, 10, 10, 10, 10, 10, 10, 10, 10, 10, 9, 10, 10, 10, 10, 10, 10, 10, 10, 10, 10, 10, 10, 10, 10, 10, 10, 10, 10, 10, 10, 10]
Mins:[6, 7, 6, 6, 6, 7, 7, 6, 6, 7, 7, 7, 7, 7, 6, 7, 6, 6, 7, 7, 6, 7, 7, 6, 6, 7, 6, 7, 6, 7, 6, 7, 7, 7, 6, 6, 6, 6, 6, 7, 6, 6, 7, 7, 6, 7, 6, 7, 6, 6, 6, 6, 6, 7, 6, 7, 6, 7, 6, 7, 7, 7, 6, 6, 6, 6, 6, 7, 6, 6, 7, 6, 7, 7, 6, 7, 7, 6, 7, 6, 6, 7, 7, 6, 6, 6, 6, 7, 7, 6, 6, 7, 6, 7, 6, 6, 6, 7, 6, 7, 7, 7, 6, 6, 7, 7, 7, 7, 6, 6, 7, 6, 7, 6, 7, 6, 6, 6, 6, 6, 6, 6, 6, 5, 7, 6, 7, 6, 7, 6, 6, 7, 6, 7, 6, 6, 7, 6, 6, 7, 6, 6, 6, 6, 6, 7, 6, 6, 6, 7, 6, 6, 6, 7, 6, 7, 6, 6, 6, 6, 6, 6, 6, 5, 7, 6, 7, 7, 6, 7, 6, 6, 6, 6, 6, 7, 6, 6, 6, 7, 6, 7, 6, 6, 6, 7, 6, 6, 6, 6, 6, 6, 6, 6, 6, 7, 6, 6, 6, 6, 6, 7, 6, 7, 6, 6, 6, 6, 7, 6, 6, 6, 7, 6, 7, 6, 7, 6, 6, 6, 6, 6, 7, 6, 7, 6, 7, 6, 7, 6, 7, 6, 6, 6, 7, 6, 6, 6, 7, 7, 7, 6, 6, 6, 7, 6, 6, 6, 7, 6, 6, 6, 6, 6, 7, 5, 6, 6, 6, 6, 7, 6, 7, 6, 6, 7, 6, 7, 6, 6, 6, 6, 6, 7, 6, 7, 6, 6, 6, 6, 5, 7, 7, 6, 7, 6, 7, 5, 7, 6, 6, 6, 7, 6, 6, 5, 7, 6, 6, 6, 6, 5, 7, 6, 6, 6, 7, 6, 7, 6, 7, 6, 7, 6, 7, 6, 6, 6, 7, 6, 7, 6, 5, 7, 6, 7, 6, 6, 6, 7, 6, 7, 6, 7, 6, 6, 6, 7, 5, 7, 6, 7, 6, 7, 6, 7, 6, 7, 6, 7, 6, 7, 6, 6, 5, 7, 6, 7, 6, 6, 6, 6, 6, 7, 6, 7, 6, 7, 6, 7, 6, 6, 6, 7, 6, 7, 6, 7, 6, 7, 5, 7, 6, 6, 6, 6, 6, 7, 6, 7, 6, 7, 6, 7, 6, 7, 5, 7, 6, 7, 6, 7, 6, 7, 6, 7, 6, 7, 6, 7, 6, 7, 5, 7, 6, 7, 6, 7, 6, 7, 6, 6, 6, 7, 6, 7, 6, 7, 6, 7, 6, 7, 6, 7, 6, 7, 6, 7, 6, 5, 7, 6, 7, 6, 7, 6, 7, 6, 7, 6, 7, 6, 7, 6, 7, 5, 7, 6, 7, 6, 7, 6, 7, 6, 7, 6, 7, 6, 8, 6, 6, 5, 7, 7, 7, 6, 6, 6, 7, 6, 7, 6, 7, 6, 7, 6, 7, 6, 7, 6, 7, 6, 7, 6, 8, 6, 7, 6, 7, 5, 7, 6, 7, 6, 7, 5, 7, 6, 7, 6, 7, 6, 6, 6, 7, 5, 7, 5, 7, 6, 7, 7, 5, 7, 6, 7, 6, 7, 6, 7, 5, 8, 7, 7, 6, 7, 5, 7, 6, 6, 6, 7, 6, 7, 6, 7, 6, 7, 5, 7, 6, 6, 7, 5, 7, 6, 7, 5, 7, 6, 7, 7, 5]

